Week 7/1_MaxEnt/projection/MAP_ready.asc
ncols        950
nrows        550
xllcorner    -14.000000000000
yllcorner    49.000000000000
cellsize     0.020000000000
NODATA_value  -9999
[rows 315 to 349 of 550, columns 640 to 719 of 950]
632 632 626 623 623 619 619 619 617 617 617 617 617 618 618 622 622 623 622 626 626 629 629 635 635 640 640 650 649 649 649 -9999 -9999 -9999 -9999 675 675 667 667 668 668 673 673 675 675 -9999 676 -9999 -9999 684 684 686 690 690 690 694 688 688 696 696 701 701 701 701 -9999 -9999 -9999 -9999 -9999 -9999 -9999 -9999 -9999 -9999 -9999 -9999 -9999 -9999 -9999 -9999
632 631 624 624 621 621 618 618 616 617 617 616 615 615 617 620 620 620 622 622 626 627 627 633 633 633 652 659 648 654 654 654 647 647 660 675 675 679 679 679 673 674 674 673 673 676 676 -9999 -9999 -9999 -9999 683 683 686 686 685 685 688 688 691 691 698 698 701 -9999 -9999 -9999 -9999 -9999 -9999 -9999 -9999 -9999 -9999 -9999 -9999 -9999 -9999 -9999 -9999
631 631 631 624 620 620 618 618 616 616 616 616 615 614 616 616 618 618 621 620 624 624 626 626 636 636 659 659 648 658 648 648 645 645 673 673 686 686 679 679 675 674 674 674 672 672 674 -9999 -9999 -9999 -9999 -9999 679 681 681 685 685 681 -9999 -9999 -9999 692 692 694 694 -9999 -9999 -9999 -9999 -9999 -9999 -9999 -9999 -9999 -9999 -9999 -9999 -9999 -9999 -9999
653 633 633 624 620 618 618 617 617 614 614 614 613 613 613 615 617 617 620 620 620 623 625 625 640 640 652 652 652 658 648 646 642 642 661 661 686 686 681 681 675 675 674 674 671 671 672 672 -9999 671 -9999 -9999 -9999 -9999 -9999 -9999 681 681 -9999 -9999 -9999 -9999 -9999 -9999 690 -9999 -9999 -9999 -9999 -9999 -9999 -9999 -9999 -9999 -9999 -9999 -9999 -9999 -9999 -9999
650 630 630 625 623 618 618 615 615 611 611 613 613 613 613 614 617 617 617 619 619 623 625 625 624 632 632 646 646 658 647 647 647 640 640 648 678 678 681 681 681 671 672 672 666 666 666 671 671 671 -9999 669 -9999 -9999 -9999 -9999 -9999 -9999 -9999 -9999 -9999 -9999 -9999 -9999 -9999 -9999 -9999 -9999 -9999 -9999 -9999 -9999 -9999 -9999 -9999 -9999 -9999 -9999 -9999 -9999
637 628 628 628 623 618 618 612 612 612 611 612 612 613 613 614 612 615 615 617 617 621 617 624 624 636 636 645 645 646 646 647 653 639 639 641 641 663 663 676 676 671 671 666 666 671 671 670 669 669 666 667 667 668 -9999 -9999 -9999 -9999 -9999 -9999 -9999 -9999 -9999 -9999 -9999 -9999 -9999 -9999 -9999 -9999 -9999 -9999 -9999 -9999 -9999 -9999 -9999 -9999 -9999 -9999
638 638 627 627 621 621 618 618 611 611 611 610 610 610 611 611 612 615 615 616 616 616 617 624 624 639 639 639 638 638 646 653 653 639 639 638 642 650 650 666 666 662 673 675 675 673 673 669 669 666 666 667 668 667 667 668 668 -9999 -9999 -9999 -9999 -9999 -9999 -9999 -9999 -9999 -9999 -9999 -9999 -9999 -9999 -9999 -9999 -9999 -9999 -9999 -9999 -9999 -9999 -9999
638 641 627 627 622 622 618 615 610 610 609 609 609 609 611 611 612 612 616 616 616 616 617 620 620 620 639 628 632 632 649 649 648 642 635 635 638 644 644 644 670 670 673 675 676 676 676 676 673 669 669 668 668 667 667 667 667 669 669 -9999 -9999 -9999 -9999 -9999 -9999 -9999 -9999 -9999 -9999 -9999 -9999 -9999 -9999 -9999 -9999 -9999 -9999 -9999 -9999 -9999
635 635 635 628 628 623 615 615 610 607 607 605 607 607 609 609 609 612 616 621 614 614 616 616 618 619 628 628 631 631 651 651 642 642 635 635 637 637 642 642 661 661 675 675 676 676 687 687 677 672 672 672 665 665 666 666 666 666 666 666 -9999 -9999 -9999 -9999 -9999 -9999 -9999 -9999 -9999 -9999 -9999 -9999 -9999 -9999 -9999 -9999 -9999 -9999 -9999 -9999
667 640 640 626 626 620 620 612 612 607 607 604 604 606 606 608 608 612 617 617 617 613 613 615 619 619 628 628 627 631 631 649 635 635 632 632 632 637 643 643 647 647 647 664 696 701 689 689 682 682 679 679 665 665 666 666 666 666 663 663 664 -9999 -9999 -9999 -9999 -9999 -9999 -9999 -9999 -9999 -9999 -9999 -9999 -9999 -9999 -9999 -9999 -9999 -9999 -9999
660 640 640 626 623 623 620 614 614 604 608 604 604 605 605 608 608 617 617 617 613 612 612 618 618 622 622 627 627 631 633 640 640 630 630 629 629 634 634 641 641 647 647 666 701 701 701 690 690 684 678 678 672 672 672 666 666 666 658 658 660 660 663 663 665 663 665 665 -9999 -9999 -9999 -9999 -9999 -9999 -9999 -9999 -9999 -9999 -9999 -9999
675 675 652 652 625 625 622 617 617 617 608 608 604 605 605 608 608 608 610 613 613 612 614 614 622 624 624 621 624 637 637 637 634 627 627 627 627 634 634 641 641 647 647 680 680 702 702 690 690 684 684 682 682 684 684 662 657 657 657 655 655 657 661 661 663 663 663 663 -9999 -9999 -9999 -9999 -9999 -9999 -9999 -9999 -9999 -9999 -9999 -9999
714 681 652 652 625 624 628 628 620 620 608 608 604 604 605 605 609 609 609 609 611 609 611 611 619 622 622 622 624 624 637 641 630 626 626 626 625 625 633 641 641 647 647 647 697 705 705 688 689 681 681 686 686 692 692 663 663 657 657 654 654 655 655 658 658 662 662 663 -9999 -9999 -9999 -9999 -9999 -9999 -9999 -9999 -9999 -9999 -9999 -9999
709 675 647 647 647 624 624 628 614 614 609 609 609 612 616 616 614 614 608 608 609 609 611 619 618 618 620 620 625 625 641 641 630 630 625 625 623 623 630 630 635 635 646 646 679 704 704 704 689 689 687 687 687 696 696 696 677 662 662 654 654 653 653 655 655 657 657 660 657 -9999 -9999 -9999 -9999 -9999 -9999 -9999 -9999 -9999 -9999 -9999
701 671 671 645 645 628 628 622 622 613 613 612 612 612 616 626 626 617 617 608 611 611 619 619 619 616 620 620 628 628 628 640 636 629 622 622 621 621 621 631 635 635 640 640 656 656 688 688 687 687 687 687 687 690 698 698 688 659 659 659 654 654 653 653 653 653 653 653 657 -9999 -9999 -9999 -9999 -9999 -9999 -9999 -9999 -9999 -9999 -9999
696 696 667 642 642 628 628 628 624 614 614 612 612 617 617 626 626 615 615 608 608 614 614 617 614 614 614 617 617 625 625 636 636 629 626 620 620 620 620 628 634 634 634 640 638 648 667 667 693 693 693 691 689 689 693 693 690 690 660 660 654 654 653 653 651 651 652 652 653 -9999 -9999 -9999 -9999 -9999 -9999 -9999 -9999 -9999 -9999 -9999
688 688 662 662 640 640 629 629 624 614 616 616 613 613 614 631 625 612 612 612 608 617 617 614 614 614 611 614 614 621 621 634 634 626 626 620 619 620 620 627 627 634 634 636 636 646 646 666 666 693 693 691 689 689 687 686 686 675 664 664 652 652 652 653 649 649 649 649 652 652 -9999 651 -9999 -9999 -9999 -9999 -9999 -9999 -9999 -9999
688 688 659 659 642 642 633 633 628 630 620 620 614 614 625 625 625 625 612 612 608 613 613 613 611 611 611 614 610 619 619 619 632 632 623 618 618 619 619 619 625 628 628 636 636 642 642 663 663 683 683 679 679 687 687 686 683 670 670 666 666 653 653 649 647 647 647 648 648 648 651 651 -9999 -9999 -9999 -9999 -9999 -9999 -9999 -9999
708 667 667 661 653 653 637 637 637 630 620 624 619 619 633 633 629 629 612 612 607 607 610 610 610 610 609 607 607 607 619 619 632 632 620 620 618 614 617 617 621 627 627 627 634 634 642 663 654 673 673 673 672 693 693 688 688 675 675 674 674 653 653 649 649 647 647 647 647 648 648 649 649 -9999 -9999 -9999 -9999 -9999 -9999 -9999
695 667 667 663 663 650 650 638 638 635 624 624 624 624 624 641 627 627 627 608 608 606 606 606 610 610 610 607 607 606 622 622 628 628 628 617 614 614 617 613 620 620 624 624 631 631 635 635 643 643 660 660 659 682 682 682 688 683 682 674 674 667 667 667 648 647 647 646 646 645 645 646 646 -9999 -9999 -9999 -9999 -9999 -9999 -9999
691 667 667 667 663 659 659 652 652 635 635 628 626 630 630 631 631 625 625 608 608 604 604 605 605 607 607 605 606 606 606 628 628 623 623 616 612 612 610 610 610 619 623 623 629 629 629 635 643 639 657 657 658 658 665 665 683 683 682 682 672 672 664 664 651 644 644 644 642 642 643 645 645 -9999 -9999 -9999 -9999 -9999 -9999 -9999
683 683 677 677 670 658 658 658 645 645 635 626 626 630 636 636 622 616 616 608 608 604 604 603 603 604 604 602 602 604 602 622 622 622 622 614 614 610 610 610 608 614 614 620 620 625 625 631 639 639 639 649 649 655 675 675 676 676 670 666 658 658 653 653 649 649 644 644 638 638 638 638 640 640 643 643 -9999 -9999 -9999 -9999
683 683 677 677 670 670 661 661 641 641 634 634 626 626 636 636 623 613 613 613 606 606 604 603 603 601 601 601 601 602 602 622 616 614 614 614 613 610 610 608 608 614 614 615 615 621 621 629 629 635 630 645 645 648 648 663 663 670 670 666 652 652 650 650 650 664 652 652 638 638 637 637 639 639 640 640 -9999 -9999 -9999 -9999
686 686 686 677 677 665 661 661 642 642 642 636 643 643 637 633 621 621 608 608 606 606 604 604 602 602 603 603 605 598 598 598 616 616 605 605 603 601 601 601 604 600 606 612 612 617 617 617 622 630 630 645 639 639 639 659 659 672 672 654 654 652 646 657 657 670 658 658 658 639 639 636 635 635 637 637 637 -9999 -9999 -9999
703 681 681 681 681 669 669 663 663 653 653 648 645 645 645 633 633 618 607 607 606 606 606 603 602 602 608 608 604 604 598 598 612 618 616 616 609 609 601 601 600 600 606 606 609 609 614 614 618 626 626 626 639 639 635 654 654 671 671 671 654 645 645 640 640 651 651 657 657 639 639 633 633 632 632 635 635 -9999 -9999 -9999
698 700 700 687 687 687 673 663 663 657 657 659 659 645 645 629 629 618 618 606 606 605 605 603 604 605 605 601 601 598 597 597 618 618 618 617 617 611 604 604 599 599 599 604 609 609 610 610 616 616 622 622 634 626 634 634 647 647 664 664 657 645 645 647 637 637 635 647 647 638 638 638 633 632 631 632 632 -9999 -9999 -9999
698 698 699 699 691 691 676 660 660 660 657 659 657 647 647 629 629 629 616 605 605 604 604 604 604 605 605 598 598 597 597 599 599 622 622 617 617 611 612 601 601 599 599 602 606 604 604 609 609 615 622 622 626 626 634 630 645 645 650 650 648 648 647 647 637 637 631 631 633 633 633 633 627 630 630 630 630 630 -9999 -9999
709 709 699 699 696 696 676 676 666 666 661 661 644 644 639 639 626 626 616 605 605 605 605 605 606 605 605 598 598 598 596 611 611 620 620 617 613 609 609 600 600 599 599 601 601 604 604 606 606 614 614 621 621 625 625 630 645 632 632 632 632 634 639 639 623 623 627 627 627 627 628 628 627 627 630 628 -9999 -9999 -9999 -9999
737 727 715 715 701 701 701 680 666 666 661 661 648 648 632 632 622 622 608 608 605 605 606 606 608 608 600 600 596 596 596 610 610 620 620 620 613 613 609 600 600 603 603 603 600 604 604 606 606 611 611 615 615 621 621 623 613 616 616 618 618 624 625 625 625 623 621 622 625 625 626 626 626 625 628 628 -9999 -9999 -9999 -9999
750 732 732 715 715 694 694 668 652 652 652 656 656 648 638 638 618 618 618 608 606 608 606 606 602 602 598 598 596 596 596 595 613 613 617 617 609 609 606 606 600 601 602 602 601 603 603 603 605 605 608 612 612 614 614 614 613 616 615 615 615 617 617 619 619 621 621 622 622 622 622 625 625 625 624 624 -9999 -9999 -9999 -9999
739 739 726 712 712 694 694 679 679 650 650 644 644 626 626 619 619 610 610 608 608 608 608 604 604 600 596 596 594 594 594 595 613 620 614 614 604 604 604 603 600 600 599 599 601 601 602 602 605 605 606 606 609 609 609 609 612 615 615 615 615 615 616 617 617 618 618 620 620 621 621 623 623 -9999 -9999 -9999 -9999 -9999 -9999 -9999
713 713 714 697 697 697 675 675 683 659 659 638 638 638 626 614 614 608 608 608 608 608 608 604 604 600 600 596 596 595 595 602 619 619 619 609 609 603 603 602 600 600 597 595 595 599 601 601 604 604 606 606 607 607 608 608 610 610 614 613 613 613 615 616 616 616 617 617 620 621 621 -9999 -9999 -9999 -9999 -9999 -9999 -9999 -9999 -9999
692 692 706 706 687 687 675 675 672 672 653 653 633 633 618 614 614 613 609 609 607 604 604 601 601 601 599 598 598 603 603 623 623 619 617 608 608 602 602 597 597 597 597 595 594 598 598 601 601 602 602 604 606 606 607 607 607 609 613 613 613 613 613 613 615 615 617 617 620 620 621 621 -9999 -9999 -9999 -9999 -9999 -9999 -9999 -9999
692 698 698 704 681 681 662 662 662 672 635 635 622 622 621 621 611 611 608 608 606 606 603 603 601 601 599 602 602 602 612 612 627 617 617 608 606 600 600 600 594 595 595 594 594 596 596 598 598 601 601 604 604 605 605 606 606 607 611 611 611 613 613 613 615 615 616 616 616 -9999 -9999 -9999 -9999 -9999 -9999 -9999 -9999 -9999 -9999 -9999
692 698 694 694 694 684 684 661 661 634 635 635 635 635 635 627 611 611 608 608 608 606 607 607 603 603 599 599 618 618 619 619 624 624 613 613 604 604 595 595 593 595 595 595 594 595 595 597 597 600 600 600 603 605 605 606 606 607 607 610 610 613 612 613 613 614 614 -9999 -9999 -9999 -9999 -9999 -9999 -9999 -9999 -9999 -9999 -9999 -9999 -9999
