Week 7/1_MaxEnt/projection/MAP_ready.asc
ncols        950
nrows        550
xllcorner    -14.000000000000
yllcorner    49.000000000000
cellsize     0.020000000000
NODATA_value  -9999
[rows 385 to 419 of 550, columns 640 to 719 of 950]
651 659 659 641 641 642 642 646 646 642 642 639 631 634 634 642 642 643 649 649 649 649 636 636 616 616 612 612 615 619 619 619 617 617 608 599 599 594 594 583 583 588 588 581 581 574 565 565 565 564 564 569 569 558 554 554 558 558 558 556 555 555 558 558 558 558 559 559 559 559 558 557 557 557 557 557 557 556 556 559
661 651 651 651 641 642 640 649 649 644 644 639 639 634 634 645 645 642 642 642 642 624 624 624 610 610 620 620 615 615 619 624 619 619 613 613 598 598 593 593 583 577 577 578 578 573 573 564 568 574 574 570 570 559 559 557 557 558 568 563 560 560 560 560 560 559 559 559 559 559 557 557 556 556 556 560 559 559 559 560
664 664 658 658 642 642 640 639 639 639 645 645 641 628 628 636 636 630 630 624 624 624 624 615 615 616 616 626 626 622 624 624 619 614 603 603 601 601 590 590 594 594 583 583 576 576 568 568 568 574 579 574 574 574 571 568 568 568 568 563 576 565 565 562 562 561 559 562 559 559 559 558 557 557 560 560 559 561 560 560
666 651 645 645 638 638 635 635 625 625 625 625 630 628 628 628 625 625 627 633 633 621 621 615 615 628 628 631 631 629 629 620 609 601 601 608 605 605 599 599 594 594 580 580 574 574 567 567 576 576 579 579 581 581 580 578 578 580 580 585 579 571 571 566 566 564 564 562 562 562 562 561 560 560 564 564 564 561 560 571
661 649 639 639 639 645 645 635 632 632 629 629 625 625 631 631 625 625 641 641 642 642 631 631 635 636 636 625 625 615 615 609 609 601 598 610 610 605 605 601 601 592 580 580 570 570 569 569 576 576 578 578 584 584 582 582 584 584 585 585 579 576 576 568 568 568 566 564 564 562 562 561 561 562 562 567 567 568 583 583
661 657 657 655 655 649 649 642 642 632 648 641 641 630 634 634 637 638 642 642 644 644 638 638 635 635 627 627 607 607 616 605 605 598 598 598 607 601 601 598 598 587 587 576 576 572 572 579 580 580 578 578 578 589 589 585 582 582 580 580 581 581 576 571 566 566 566 565 565 565 565 565 562 564 564 569 569 580 580 583
657 657 657 659 659 653 653 653 645 648 648 652 652 645 645 640 640 638 638 645 644 644 637 637 637 630 627 627 612 612 620 620 602 602 602 594 597 594 594 593 593 593 582 576 576 574 574 580 580 586 586 584 584 589 589 593 589 589 589 577 577 572 571 571 569 569 569 569 572 572 565 565 570 573 573 573 578 578 584 588
658 658 655 655 648 648 645 645 647 648 648 645 645 645 644 644 644 649 649 645 645 632 632 624 624 621 620 628 627 627 627 616 602 602 594 594 597 590 582 582 583 583 581 576 576 574 574 580 592 588 588 592 592 595 598 594 594 587 587 581 581 575 571 571 572 570 570 571 576 576 571 571 570 570 588 588 589 589 588 585
651 651 651 655 648 648 643 643 638 638 637 637 645 629 628 634 634 648 648 644 639 619 619 628 628 630 630 628 628 630 630 611 600 600 593 593 593 590 582 583 581 581 584 584 577 577 592 592 589 593 593 592 592 592 598 598 582 578 578 578 578 577 577 572 572 570 573 572 572 572 572 572 572 583 591 591 590 590 591 591
653 650 650 652 648 648 645 645 645 640 640 640 641 641 635 635 629 629 644 644 639 619 619 619 624 624 632 637 637 630 630 615 615 598 598 591 591 587 587 587 589 589 589 587 581 581 592 592 587 587 590 590 590 590 591 591 582 578 578 578 578 578 576 577 577 580 580 576 576 577 577 576 576 583 591 581 581 585 585 588
656 648 648 642 642 653 653 652 652 653 649 649 649 641 643 635 627 627 636 636 632 632 619 619 622 622 627 638 638 638 635 635 613 598 598 592 592 588 588 587 604 602 602 590 585 585 584 584 584 587 587 587 587 587 583 583 581 586 581 581 581 581 581 580 580 580 580 588 581 592 592 589 589 578 578 581 581 586 586 586
647 647 649 649 651 653 653 656 656 656 656 647 647 643 643 635 627 627 627 630 630 626 627 627 626 626 632 632 642 642 635 635 607 602 602 602 599 599 599 604 604 602 604 593 593 589 589 591 591 595 594 594 593 593 593 589 589 586 581 598 593 593 590 590 590 590 588 588 581 588 588 588 601 601 584 578 589 591 591 586
641 641 644 644 646 647 647 647 656 650 648 638 638 641 641 625 625 634 634 632 632 640 627 627 629 626 626 630 639 639 620 620 607 607 626 626 619 619 616 609 609 603 599 599 596 594 594 596 596 595 595 602 602 603 603 600 600 600 598 598 598 602 602 609 611 611 604 604 604 604 593 593 598 598 593 589 589 589 592 592
641 639 638 638 642 642 647 647 640 640 644 644 636 636 634 634 625 639 639 636 636 643 643 629 629 626 632 637 637 638 638 629 629 635 621 621 617 617 609 609 603 603 599 608 601 600 600 600 602 602 603 602 602 616 616 625 625 625 625 619 627 622 622 628 625 625 625 614 614 604 590 590 600 600 598 598 591 591 592 592
635 639 639 639 639 638 639 639 640 640 637 637 631 631 634 634 635 635 639 650 641 641 642 630 630 665 665 649 649 647 647 647 647 635 635 619 619 613 613 605 601 601 608 608 601 606 608 608 609 609 613 619 625 625 630 630 645 645 641 627 627 622 637 636 636 629 629 618 618 603 590 590 602 605 605 599 589 589 586 580
635 639 636 638 638 639 639 637 637 636 636 637 637 637 644 644 648 648 653 653 645 645 638 638 633 633 665 670 657 662 662 645 645 637 637 619 619 613 613 609 609 607 607 609 615 613 621 621 621 621 624 624 625 625 645 645 649 649 644 644 641 641 637 637 635 629 629 617 617 600 600 609 609 608 608 599 589 589 589 580
634 636 636 638 635 635 637 642 642 643 643 633 633 640 640 648 648 659 653 653 650 650 650 638 644 644 670 670 657 664 666 666 651 651 632 627 633 633 633 628 628 623 623 615 615 613 628 628 628 636 636 640 649 649 645 645 646 646 640 640 631 631 639 640 635 635 627 627 621 621 602 609 609 610 610 598 598 589 589 576
630 630 633 628 633 633 631 636 636 635 635 635 633 638 638 648 648 655 655 664 664 650 657 645 649 649 665 665 652 653 660 660 659 659 640 640 633 633 661 661 654 653 653 624 624 622 622 628 628 649 649 656 647 647 647 651 651 647 647 638 632 632 640 640 635 635 628 628 621 621 613 615 615 615 610 610 593 592 592 579
629 629 628 628 633 629 632 632 633 633 634 634 636 638 638 647 647 647 651 664 664 662 662 656 656 646 646 652 652 653 657 657 656 656 656 654 670 670 661 661 654 669 664 664 644 644 636 646 646 658 658 654 654 645 645 651 651 649 649 638 638 636 636 637 637 635 628 628 620 620 615 615 616 616 604 604 590 590 590 590
625 625 623 623 623 629 629 628 633 633 636 636 647 648 648 648 651 651 655 667 667 662 662 660 661 645 645 645 645 658 658 657 657 664 664 661 662 662 668 672 672 676 673 673 671 671 647 647 646 651 653 653 646 649 649 653 653 649 649 649 639 639 639 633 633 634 634 622 622 621 621 618 612 612 604 604 590 590 588 588
621 621 621 622 622 625 624 626 633 633 633 639 639 648 648 648 657 657 654 654 656 656 660 660 661 644 644 648 648 648 647 674 674 682 682 676 676 665 665 672 672 676 673 673 667 667 663 663 651 651 653 653 647 647 655 655 648 648 651 651 638 642 642 631 631 634 634 622 620 622 622 620 620 616 616 602 602 590 588 585
621 621 623 625 625 624 624 626 632 635 635 636 636 647 652 652 652 657 648 648 661 661 653 653 649 649 650 650 648 648 653 674 674 682 697 697 693 686 686 671 671 682 682 673 675 666 666 671 661 661 657 657 647 647 650 650 646 646 651 651 638 637 640 640 632 632 632 620 620 622 622 617 617 613 613 606 606 596 585 585
621 623 625 625 628 628 631 631 632 635 638 643 643 642 642 642 639 638 638 641 642 642 642 649 649 649 654 654 664 664 669 669 703 703 697 697 689 686 686 680 680 680 678 677 677 669 669 662 662 668 668 657 657 650 644 644 648 648 644 644 644 637 640 634 631 631 629 629 617 618 622 622 614 609 609 602 602 596 596 585
623 623 623 633 650 650 661 661 643 649 645 645 651 651 654 639 639 638 640 643 643 643 643 644 644 647 654 654 667 698 698 685 703 703 696 692 686 686 686 686 685 685 678 677 677 672 672 672 661 666 666 666 666 650 650 643 643 640 640 639 639 635 634 634 631 631 631 626 618 618 622 622 614 614 606 606 604 604 598 586
630 629 644 642 645 645 665 665 665 649 645 649 650 650 645 645 645 645 640 640 647 647 647 649 649 656 656 680 680 699 699 702 689 689 689 692 692 686 680 680 687 687 679 679 678 678 672 670 670 656 656 655 655 655 644 639 639 637 637 633 633 635 635 634 630 626 626 621 620 620 616 616 614 614 605 605 600 600 600 591
654 644 644 642 643 642 642 644 644 656 649 649 650 648 648 652 647 647 645 649 656 656 662 662 677 677 678 680 680 693 693 696 696 687 687 692 692 686 680 679 679 684 684 686 673 673 667 667 662 662 658 658 651 651 644 639 647 643 643 628 628 628 635 630 630 626 623 622 622 619 619 617 619 614 605 605 600 600 598 598
659 659 648 648 643 642 643 643 643 659 659 649 652 649 649 647 648 648 649 649 649 688 686 686 726 726 714 714 690 690 693 690 691 686 686 682 682 685 690 688 688 684 684 686 674 674 667 667 666 665 654 654 651 651 644 644 647 647 640 640 627 627 629 627 627 635 635 635 632 625 625 619 619 614 614 605 605 599 599 591
673 673 654 654 644 651 651 651 646 646 651 652 652 649 654 653 653 657 657 665 665 688 686 695 717 717 717 705 698 698 695 695 681 681 679 679 679 679 690 688 687 678 678 679 679 670 670 666 666 665 667 667 669 669 669 660 654 646 630 630 624 624 636 636 635 635 635 638 633 623 623 620 620 611 611 605 605 601 601 589
660 660 660 660 647 647 651 663 660 660 656 656 656 656 654 654 666 666 666 704 704 714 713 702 702 708 708 699 695 695 695 695 697 697 689 689 676 676 689 687 687 687 675 675 674 667 667 669 669 674 674 679 679 670 670 663 646 646 630 626 637 637 637 645 640 640 638 638 633 630 620 620 617 617 612 610 615 606 606 597
658 655 655 653 653 659 663 663 660 664 664 664 665 665 667 705 691 693 693 737 737 737 713 702 698 704 704 691 691 690 690 696 696 697 687 687 680 680 687 687 678 668 670 670 670 676 676 676 675 675 674 668 668 657 657 657 657 635 635 626 626 635 635 633 642 642 640 640 639 634 620 620 613 613 619 619 615 615 612 612
658 657 657 657 657 661 661 662 668 676 676 680 680 680 705 705 691 708 705 705 718 718 706 698 698 704 695 695 699 688 688 687 687 678 678 680 680 670 670 677 668 668 670 677 683 683 686 686 675 675 676 668 668 648 648 648 644 627 627 628 625 637 637 650 650 636 636 639 639 634 617 617 617 617 620 620 617 617 612 612
658 658 658 661 661 666 666 668 668 676 685 703 731 731 731 731 731 708 705 695 711 711 704 704 705 709 704 704 680 688 688 684 684 684 678 671 671 666 666 667 667 666 666 677 677 676 682 682 676 676 676 676 653 653 642 642 633 623 623 625 625 625 648 648 634 626 626 628 628 625 625 617 623 632 632 620 618 618 610 606
658 658 662 662 667 667 676 680 680 685 685 703 744 740 740 726 726 707 694 694 694 695 695 708 709 709 704 700 697 697 681 681 683 683 674 671 671 656 656 661 661 674 674 678 683 679 682 682 682 674 674 662 653 653 634 634 626 626 620 620 638 638 648 648 622 625 625 624 624 624 620 628 628 632 632 618 618 616 616 606
666 665 662 662 673 673 690 690 698 698 711 741 734 713 713 726 726 712 712 694 706 694 694 690 707 707 707 700 700 683 678 678 676 676 661 661 668 668 666 666 667 686 686 683 683 679 662 678 678 667 667 658 653 653 653 634 629 621 627 627 638 638 627 622 634 634 634 634 626 626 632 628 628 630 630 627 627 617 617 607
672 672 668 671 682 682 682 703 727 727 741 741 734 714 713 713 710 710 716 706 706 694 693 689 689 692 692 692 686 679 675 675 675 667 667 653 668 668 663 663 659 659 673 673 671 671 662 678 658 662 662 655 655 646 646 623 623 619 625 625 629 629 629 622 622 621 621 621 628 628 627 627 621 621 630 634 630 620 620 616
