Week 7/1_MaxEnt/projection/MAP_ready.asc
ncols        950
nrows        550
xllcorner    -14.000000000000
yllcorner    49.000000000000
cellsize     0.020000000000
NODATA_value  -9999
[rows 245 to 279 of 550, columns 560 to 639 of 950]
935 935 955 955 955 964 1102 1102 1102 1069 1069 1022 1015 1015 1015 997 978 987 955 955 955 917 917 882 882 852 852 814 814 802 802 845 845 843 843 804 804 794 794 805 805 803 803 777 777 753 753 753 727 711 705 690 690 690 692 697 697 699 699 699 698 684 684 678 678 678 -9999 -9999 -9999 -9999 -9999 -9999 -9999 -9999 -9999 -9999 -9999 -9999 -9999 -9999
981 935 940 929 929 962 962 1075 1040 1043 1043 1007 1007 982 982 978 978 987 953 949 949 926 926 895 895 852 852 838 838 838 787 797 797 807 764 764 771 772 772 772 805 805 803 758 758 758 747 747 728 705 705 705 690 690 687 687 698 698 702 692 687 687 684 684 680 680 -9999 -9999 -9999 -9999 -9999 -9999 -9999 -9999 -9999 -9999 -9999 -9999 -9999 -9999
926 907 907 941 941 941 987 1040 1040 1043 991 991 984 958 958 958 957 957 953 949 976 976 950 950 919 888 884 884 859 859 811 811 771 771 764 764 760 760 786 786 788 788 772 772 758 735 735 735 718 718 700 705 697 697 694 694 693 693 692 692 692 687 692 692 685 685 685 -9999 -9999 -9999 -9999 -9999 -9999 -9999 -9999 -9999 -9999 -9999 -9999 -9999
908 907 907 911 929 929 994 994 999 999 991 991 957 957 940 940 939 939 962 951 946 946 935 935 902 902 884 884 831 831 810 810 761 761 755 755 755 760 795 795 774 774 774 746 737 737 728 728 728 718 705 705 705 697 698 691 691 691 691 687 687 696 692 692 696 691 691 -9999 -9999 -9999 -9999 -9999 -9999 -9999 -9999 -9999 -9999 -9999 -9999 -9999
907 907 911 911 929 901 901 922 944 944 958 919 919 924 942 942 926 926 926 951 946 922 922 914 914 889 867 867 867 831 779 760 758 758 758 819 819 812 812 765 765 769 769 745 745 737 719 725 725 719 719 713 713 698 698 691 706 692 692 685 685 688 688 682 682 682 682 -9999 -9999 -9999 -9999 -9999 -9999 -9999 -9999 -9999 -9999 -9999 -9999 -9999
897 898 901 901 879 898 898 908 926 926 926 919 919 926 926 921 921 911 911 939 939 922 922 853 853 856 856 861 861 816 816 781 781 754 754 794 794 812 812 739 739 748 748 734 734 719 719 725 690 690 690 689 689 708 708 680 704 691 691 684 684 684 676 682 682 671 668 668 673 -9999 -9999 -9999 -9999 -9999 -9999 -9999 -9999 -9999 -9999 -9999
881 875 875 879 879 898 902 935 935 946 946 950 950 926 926 890 890 900 900 900 891 856 893 853 853 853 837 815 815 816 816 860 837 772 772 772 737 737 713 739 739 716 719 719 713 695 695 718 693 693 699 699 681 681 680 680 704 662 675 675 674 674 670 670 671 671 668 670 676 676 -9999 -9999 -9999 -9999 -9999 -9999 -9999 -9999 -9999 -9999
864 864 857 877 877 877 902 902 986 988 988 988 987 987 920 934 934 934 930 930 899 899 893 893 905 905 900 900 893 893 860 860 837 857 796 796 758 758 752 752 731 731 703 703 697 697 718 718 693 768 724 724 696 696 669 669 662 662 675 674 692 692 692 676 673 673 676 676 676 678 -9999 -9999 -9999 -9999 -9999 -9999 -9999 -9999 -9999 -9999
864 867 896 896 926 926 959 1023 1036 1036 1011 1011 956 956 920 920 1014 1014 1028 1028 1002 1002 928 928 905 905 926 953 936 936 896 896 906 839 791 791 795 795 795 757 731 731 721 721 721 751 764 764 764 768 768 703 698 698 698 719 719 683 673 673 673 714 714 682 673 673 673 676 674 677 677 -9999 -9999 -9999 -9999 -9999 -9999 -9999 -9999 -9999
893 893 893 924 974 974 1023 1023 1023 1211 1112 1112 1017 1017 1017 979 1014 1014 1014 1094 1094 990 913 913 913 950 950 964 970 970 970 906 906 839 853 863 863 832 832 797 797 781 781 721 778 764 764 745 745 731 718 724 724 744 744 742 742 708 708 673 670 697 697 679 679 672 672 674 674 677 680 -9999 -9999 -9999 -9999 -9999 -9999 -9999 -9999 -9999
864 893 922 950 950 1052 1052 1153 1153 1211 1211 1159 1159 1041 1041 1036 1036 1165 1165 1103 1103 977 977 1010 1010 950 950 999 999 981 981 916 916 853 853 863 938 878 878 878 852 823 823 798 798 798 742 738 738 718 718 718 784 746 746 726 726 726 689 670 670 670 676 676 671 679 679 679 688 700 691 -9999 -9999 -9999 -9999 -9999 -9999 -9999 -9999 -9999
901 922 922 950 981 1103 1103 1150 1150 1150 1258 1140 1140 1013 1013 1013 1127 1165 1165 1103 1119 1119 1010 1088 1088 1088 987 987 999 1013 1013 1013 966 966 918 938 938 938 891 891 845 843 843 843 798 782 747 747 802 802 766 766 784 784 756 756 727 727 691 691 665 664 671 671 675 675 698 698 700 700 691 691 -9999 -9999 -9999 -9999 -9999 -9999 -9999 -9999
895 895 936 940 1006 1141 1141 1141 1220 1220 1258 1258 1144 1144 1059 1059 1088 1088 1168 1168 1119 1119 1049 1049 1128 1128 1010 1010 1094 1094 1063 1063 989 989 986 986 938 952 910 910 853 853 820 820 782 782 747 796 796 796 782 782 782 781 761 761 716 716 716 687 664 664 671 677 677 677 714 714 718 718 718 691 -9999 -9999 -9999 -9999 -9999 -9999 -9999 -9999
932 932 940 940 1006 995 1126 1126 1223 1223 1267 1267 1144 1144 1125 1125 1125 1049 1171 1171 1151 1147 1147 1148 1181 1181 1054 1054 1054 1094 1105 1105 1050 1050 1050 969 952 952 952 936 936 917 837 837 837 793 862 817 770 770 770 736 736 781 761 747 747 716 716 691 662 662 662 677 677 689 689 716 716 722 722 699 709 -9999 -9999 -9999 -9999 -9999 -9999 -9999
920 920 920 963 963 995 1126 1045 1045 1221 1221 1278 1254 1249 1249 1168 1168 1073 1129 1129 1129 1147 1147 1212 1212 1199 1199 1089 1089 1147 1147 1105 1130 1071 1071 1043 1043 1005 1017 1012 1012 944 944 887 887 862 862 817 818 775 775 749 749 749 749 747 747 716 712 695 695 672 672 679 687 707 707 716 716 717 717 709 709 -9999 -9999 -9999 -9999 -9999 -9999 -9999
961 955 955 980 980 991 990 1032 1032 1126 1126 1303 1303 1249 1249 1161 1161 1094 1094 1220 1220 1172 1172 1212 1212 1236 1236 1194 1194 1169 1169 1123 1123 1069 1069 1069 1082 1017 1017 1012 1019 1019 960 919 919 876 876 876 818 775 787 788 788 788 756 734 727 727 695 695 692 682 682 682 687 687 714 724 724 724 720 720 713 -9999 -9999 -9999 -9999 -9999 -9999 -9999
978 988 988 949 949 949 990 1032 1003 1118 1118 1118 1298 1235 1235 1235 1161 1195 1159 1172 1172 1172 1225 1225 1281 1160 1160 1160 1150 1150 1170 1123 1123 1073 1019 1019 1053 967 967 967 1019 1019 965 965 872 872 887 887 831 856 822 822 778 778 742 742 727 727 695 697 683 683 683 683 693 693 714 714 724 727 730 730 716 716 -9999 -9999 -9999 -9999 -9999 -9999
978 986 1036 1036 945 945 973 973 1003 1003 1156 1156 1331 1331 1226 1226 1298 1298 1266 1266 1165 1165 1287 1287 1281 1281 1163 1163 1069 1069 1118 1118 1073 1073 1019 982 949 949 894 894 999 914 887 887 842 842 858 858 858 856 822 817 795 795 795 797 738 738 697 697 697 679 699 699 709 709 709 732 725 725 723 723 723 713 -9999 -9999 -9999 -9999 -9999 -9999
986 986 1036 1017 958 958 958 990 994 999 1139 1139 1139 1363 1321 1321 1298 1298 1368 1313 1239 1239 1362 1362 1362 1274 1163 1163 1196 1125 1125 1055 1038 1038 1071 1067 1067 987 923 923 923 914 914 861 815 815 815 794 794 840 817 817 817 783 783 746 707 707 707 686 696 702 702 695 695 730 730 732 732 725 730 723 723 714 714 696 696 -9999 -9999 -9999
1010 1002 1025 1025 1025 953 953 985 985 999 999 1086 1086 1338 1338 1462 1462 1368 1368 1313 1321 1299 1299 1293 1293 1262 1262 1225 1225 1273 1273 1129 1129 1071 1071 1067 1165 1023 1023 928 928 900 900 861 861 858 858 794 794 801 801 788 744 737 737 702 702 697 697 696 696 702 711 702 702 725 725 733 733 730 730 723 727 722 722 704 704 -9999 -9999 679
1017 1042 1042 1025 1030 974 974 986 986 1007 1007 1086 1086 1221 1221 1413 1413 1396 1396 1432 1354 1272 1272 1279 1279 1279 1227 1225 1225 1233 1233 1233 1205 1191 1191 1165 1165 1165 1091 1045 1045 963 963 963 896 845 845 782 782 782 772 744 744 744 731 731 722 728 728 728 725 725 711 702 717 717 713 713 718 723 723 711 714 714 717 700 700 700 679 679
1025 1025 1041 1030 1030 1030 1003 1003 1000 1016 1016 1016 1046 1046 1120 1318 1318 1318 1432 1432 1354 1304 1304 1304 1229 1229 1190 1190 1139 1139 1233 1115 1114 1114 1173 1173 1159 1122 1067 1067 1022 1022 949 949 896 896 856 856 796 796 755 755 745 745 731 731 725 725 755 755 728 728 716 704 696 696 711 711 705 705 711 711 714 700 694 694 685 685 679 679
1030 1030 1022 1022 1010 1023 1035 1035 1004 1004 1016 1016 1046 1046 1089 1089 1270 1270 1434 1434 1392 1392 1304 1316 1234 1234 1209 1209 1129 1129 1081 1081 1035 1035 1089 1089 1122 1122 1122 1040 1027 1027 946 946 946 896 856 856 826 826 826 792 754 754 724 738 738 738 738 738 715 715 715 704 696 698 706 706 706 705 700 700 700 700 700 675 675 675 677 677
1079 1079 1079 1044 1023 1023 1035 1038 1038 1009 1013 1013 1013 1040 1040 1089 1209 1209 1209 1361 1361 1370 1321 1321 1321 1359 1359 1311 1168 1168 1168 1081 1166 1024 978 978 978 1044 1044 1040 1027 1041 1041 967 967 915 859 840 840 811 811 784 784 755 755 738 738 745 745 722 722 706 706 695 695 698 698 694 694 696 696 691 691 684 677 671 671 671 671 -9999
1182 1124 1124 1100 1100 1052 1052 1038 1038 1038 1038 1023 1023 1033 1033 1054 1054 1134 1134 1308 1308 1344 1344 1321 1381 1326 1326 1297 1297 1229 1229 1166 1166 1024 1090 988 988 965 965 994 944 980 980 919 919 878 878 840 840 811 811 785 785 767 767 766 766 745 745 720 720 705 705 699 699 698 695 682 682 682 682 683 683 677 677 671 669 670 670 674
1182 1100 1100 1100 1131 1103 1103 1061 1104 1104 1075 1055 1055 1042 1042 1042 1054 1091 1091 1214 1214 1214 1361 1381 1381 1326 1255 1255 1198 1175 1175 1142 1142 1074 1054 1043 1043 1043 955 955 944 980 924 924 891 891 847 825 825 825 811 769 762 765 765 765 766 766 728 714 714 714 702 702 706 695 695 695 682 682 681 676 676 676 670 670 669 670 -9999 -9999
1219 1219 1137 1137 1182 1182 1155 1155 1104 1104 1095 1095 1092 1092 1061 1061 1056 1056 1091 1073 1168 1168 1326 1326 1322 1228 1252 1252 1204 1204 1136 1136 1074 1074 1054 1058 1016 1016 965 965 915 915 924 924 870 870 833 833 796 796 766 766 751 751 739 739 735 735 728 728 704 704 698 698 701 701 687 687 682 682 674 674 669 669 666 666 668 671 675 675
1219 1219 1143 1143 1188 1188 1190 1190 1151 1151 1095 1095 1124 1124 1078 1078 1058 1058 1051 1051 1088 1088 1088 1215 1228 1228 1252 1188 1188 1204 1165 1165 1116 1116 1116 1058 1016 1043 977 977 977 913 878 874 859 859 859 832 802 802 766 766 770 748 727 727 719 719 719 711 704 704 691 691 691 688 683 683 681 674 674 669 669 669 668 668 668 671 675 691
1231 1231 1231 1143 1236 1194 1222 1222 1222 1188 1188 1206 1152 1152 1152 1107 1107 1078 1051 1051 1069 1057 1057 1097 1134 1134 1134 1188 1188 1198 1194 1194 1194 1145 1145 1117 1090 1031 1031 986 986 937 937 874 874 842 842 820 820 801 801 770 770 748 748 735 735 711 711 702 702 694 694 687 687 686 686 681 681 674 674 669 669 669 669 673 673 680 680 691
1303 1296 1296 1307 1307 1232 1232 1255 1255 1203 1203 1206 1206 1180 1180 1163 1163 1113 1113 1069 1069 1057 1065 1059 1059 1084 1084 1130 1213 1227 1227 1185 1185 1139 1139 1090 1090 1031 1068 1016 1016 953 953 905 905 842 842 822 822 806 806 784 784 760 760 737 737 716 716 699 699 694 694 685 685 682 682 675 675 672 672 669 669 675 675 685 685 694 694 706
1451 1373 1373 1307 1307 1353 1266 1263 1263 1263 1237 1237 1237 1180 1180 1235 1199 1199 1148 1085 1085 1122 1089 1089 1130 1144 1144 1144 1213 1213 1245 1190 1190 1190 1138 1138 1091 1068 1068 1068 1074 1074 978 931 931 931 926 926 836 815 815 815 789 789 760 737 739 739 717 717 697 687 687 687 685 685 677 674 674 674 672 672 683 685 685 685 695 695 702 709
1457 1457 1407 1407 1353 1353 1266 1266 1232 1232 1238 1238 1261 1261 1225 1225 1228 1228 1180 1180 1122 1122 1089 1151 1255 1255 1277 1277 1245 1245 1245 1245 1235 1235 1169 1169 1118 1118 1143 1175 1153 1153 1062 1062 993 993 926 926 879 879 815 815 807 807 780 780 739 739 717 717 701 701 692 692 686 686 671 671 675 675 679 679 683 683 692 692 696 696 701 701
1327 1409 1402 1402 1335 1335 1331 1286 1218 1218 1217 1217 1217 1221 1225 1225 1226 1226 1226 1222 1184 1184 1151 1151 1151 1331 1357 1357 1319 1319 1319 1278 1307 1307 1227 1227 1227 1140 1175 1175 1153 1158 1158 1098 1043 1043 978 978 978 879 849 849 804 804 804 798 747 743 718 718 718 704 693 693 686 686 686 683 683 683 686 686 686 688 692 692 696 698 698 705
1311 1308 1308 1352 1352 1331 1331 1286 1320 1236 1236 1261 1261 1251 1251 1229 1229 1226 1252 1242 1242 1217 1217 1234 1338 1353 1353 1320 1320 1282 1282 1278 1278 1338 1338 1279 1279 1163 1163 1098 1098 1158 1158 1059 1059 1001 1001 995 995 942 942 881 881 797 797 778 778 743 743 716 716 703 703 691 691 690 690 683 683 690 690 689 689 694 694 698 698 718 718 761
1311 1279 1279 1289 1289 1301 1301 1320 1320 1236 1236 1336 1336 1349 1349 1325 1325 1297 1297 1289 1289 1280 1280 1338 1338 1353 1345 1288 1288 1249 1249 1249 1250 1338 1338 1258 1258 1258 1217 1058 1058 1106 1014 1014 1050 968 968 923 923 923 942 845 845 793 793 793 760 736 736 716 716 713 699 686 686 684 684 690 691 691 691 696 696 696 696 698 698 718 777 839
