Week 7/1_MaxEnt/projection/MAP_ready.asc
ncols        950
nrows        550
xllcorner    -14.000000000000
yllcorner    49.000000000000
cellsize     0.020000000000
NODATA_value  -9999
[rows 350 to 384 of 550, columns 320 to 399 of 950]
907 912 912 917 887 887 887 886 886 884 884 885 885 889 889 883 915 915 891 891 891 878 901 944 889 889 889 873 872 872 879 879 879 888 899 902 923 923 926 926 958 958 975 975 991 991 988 988 1038 1028 1023 1023 1066 1066 1237 1237 1383 1383 1265 1265 1217 1268 1198 1198 1099 1099 1144 1144 1145 1109 1109 1109 1008 1008 978 -9999 -9999 -9999 -9999 -9999
897 893 893 890 890 887 885 882 882 878 876 886 886 887 887 898 898 923 923 890 890 887 887 944 944 896 896 878 878 882 882 886 886 893 893 902 908 920 920 943 963 963 963 975 1004 1003 1007 1007 1048 1065 1065 1081 1090 1090 1090 1377 1377 1376 1236 1236 1268 1268 1268 1177 1114 1114 1132 1132 1047 1089 1069 1069 1007 1007 978 978 987 987 -9999 -9999
903 903 896 896 897 886 885 885 878 878 876 886 885 885 897 897 964 923 923 929 935 935 910 913 935 898 898 898 881 882 882 891 891 891 898 908 908 920 927 927 959 993 993 981 981 1007 1007 1048 1048 1065 1134 1139 1139 1193 1193 1377 1377 1284 1284 1273 1273 1083 1147 1099 1099 1128 1128 1047 1047 1089 1018 1018 1018 998 998 1001 987 977 977 -9999
915 915 899 899 899 886 885 886 879 879 879 879 885 885 913 913 942 942 961 961 1000 1000 974 974 935 946 901 901 887 887 886 886 891 894 907 907 919 923 935 935 968 968 1006 1006 982 982 995 1046 1046 1046 1134 1134 1098 1112 1112 1112 1172 1172 1145 1241 1241 1147 1147 1147 1068 1053 1053 1037 1037 1037 1042 1038 1038 974 974 982 1014 -9999 -9999 -9999
925 913 913 907 907 897 897 886 883 880 880 881 900 910 910 924 924 919 961 961 970 976 976 997 946 946 946 924 924 891 890 890 897 897 897 914 923 923 935 940 940 970 973 973 982 982 989 989 1015 1015 1054 1029 1053 1053 1072 1072 1172 1172 1139 1139 1234 1234 1233 1233 1068 1068 1022 1022 1027 1027 1032 1054 1006 1006 957 957 1014 -9999 -9999 -9999
914 913 913 906 906 906 897 880 880 878 878 878 884 910 910 928 928 960 960 970 970 976 953 989 989 963 971 926 926 892 892 892 892 897 904 913 913 928 928 940 940 970 970 976 976 991 991 995 1008 1008 1008 1029 1033 1048 1073 1073 1073 1138 1138 1139 1123 1123 1111 1111 1111 1098 1023 1023 1046 1046 1046 1054 975 975 958 958 -9999 -9999 -9999 -9999
903 903 903 903 894 894 889 889 880 881 878 878 890 890 907 907 966 966 994 954 954 924 942 942 966 971 971 971 936 936 900 898 898 904 904 912 924 942 942 953 958 958 974 974 974 991 991 987 994 1012 1012 1033 1033 1048 1061 1068 1068 1185 1185 1116 1116 1068 1068 1075 1075 1098 1098 1039 1039 1039 1039 1075 1075 975 966 -9999 -9999 -9999 -9999 -9999
912 902 903 903 901 889 889 883 881 881 878 882 882 882 918 918 971 971 971 960 924 924 942 947 967 967 984 984 936 936 898 898 901 901 923 923 935 935 943 943 958 958 972 972 978 978 987 987 994 997 1020 1020 1048 1044 1059 1100 1100 1100 1102 1102 1116 1019 1019 1021 1021 1021 1024 1039 992 1038 1038 1038 1065 -9999 -9999 -9999 -9999 -9999 -9999 -9999
922 918 918 901 901 896 896 893 893 893 925 881 881 900 900 989 989 958 958 926 926 925 925 947 984 1009 1036 1036 1036 1003 1003 904 909 909 909 923 930 944 950 950 964 964 964 976 982 982 984 984 992 1006 1034 1034 1044 1044 1059 1078 1116 1116 1066 1066 1061 1061 1019 1047 1105 1105 1041 1041 1009 1009 1011 1011 994 994 -9999 -9999 -9999 -9999 -9999 -9999
934 934 923 904 904 930 949 949 929 925 925 881 878 878 918 996 996 958 958 943 933 976 976 984 1000 1038 1038 1044 1044 1003 1003 906 906 914 914 930 930 944 947 951 951 966 966 976 976 984 984 992 992 1006 1030 1065 1065 1048 1048 1078 1116 1043 1043 1014 1014 1040 1182 1182 1148 1148 1148 1041 1009 979 958 958 958 -9999 -9999 -9999 -9999 -9999 -9999 -9999
933 933 921 921 930 930 974 974 940 940 897 897 878 874 930 930 962 962 918 918 962 962 998 998 1000 1002 1015 1050 1050 1050 971 971 913 928 928 928 940 968 958 952 952 967 967 967 976 987 987 1009 1009 1009 1030 1068 1068 1079 1079 1051 1020 1021 1021 1042 1042 1102 1102 1182 1189 1128 1128 1044 1044 979 979 -9999 -9999 -9999 -9999 -9999 -9999 -9999 -9999 -9999
942 933 933 943 966 966 966 974 947 928 882 882 882 879 879 938 932 932 918 918 920 960 973 973 1002 1002 1002 1027 967 967 917 917 926 926 970 970 968 968 958 966 965 965 969 969 976 976 1002 1002 1019 1019 1076 1096 1066 1066 1018 1018 1020 1021 1025 1025 1056 1056 1148 1189 1189 1089 1030 1030 989 970 964 -9999 -9999 -9999 -9999 -9999 -9999 -9999 -9999 -9999
938 933 933 944 1003 992 992 921 921 891 891 876 876 879 877 900 900 900 900 920 920 1005 1005 1003 1003 1011 1039 990 990 921 921 914 914 954 981 981 981 967 967 966 974 974 974 978 978 1002 1025 1025 1104 1104 1104 1096 1014 1014 1029 1029 1027 1027 1025 1064 1156 1156 1094 1094 1026 1026 992 992 968 968 964 964 -9999 -9999 -9999 -9999 -9999 -9999 -9999 -9999
941 941 949 949 976 976 954 954 921 934 894 875 875 875 877 877 885 922 922 958 958 959 1032 1030 1030 1039 1039 1039 955 915 915 923 923 954 954 969 969 969 969 973 983 986 986 989 989 1002 1002 1029 1029 1051 1051 1044 1044 1014 1031 1057 1057 1093 1064 1071 1071 1053 1053 1047 1026 1026 1009 978 978 954 955 955 -9999 -9999 -9999 -9999 -9999 -9999 -9999 -9999
949 949 949 949 953 950 975 975 934 934 894 915 884 884 876 885 895 895 915 915 959 959 1005 1005 1006 1006 1021 1021 955 925 921 921 934 934 982 978 978 978 975 975 983 1010 1010 1010 992 992 1026 1029 1011 1012 1012 1012 1002 1016 1016 1038 1038 1038 1061 1071 1048 1057 1057 1040 1040 1009 1009 978 990 959 959 -9999 -9999 -9999 -9999 -9999 -9999 -9999 -9999 -9999
964 957 957 953 953 983 983 992 992 962 970 941 919 919 919 885 885 887 889 889 889 926 926 1005 973 973 965 965 965 924 924 924 953 953 953 982 985 985 990 990 1006 1006 1010 1062 1009 1009 1021 1021 1042 1042 1066 1066 1025 1025 1016 1050 1049 1049 1064 1048 1048 1048 1020 1020 1016 991 991 991 990 990 -9999 -9999 -9999 -9999 -9999 -9999 -9999 -9999 -9999 -9999
974 977 977 1001 1037 1037 992 976 976 970 970 970 952 911 911 884 884 887 887 891 891 918 918 943 943 945 945 927 927 924 923 943 943 974 974 974 974 1008 1008 1024 1024 1102 1111 1111 1111 1025 1025 1004 1042 1057 1055 1055 1055 1050 1050 1050 1065 1065 1065 1037 1014 1014 1020 1020 979 979 983 983 -9999 -9999 -9999 -9999 -9999 -9999 -9999 -9999 -9999 -9999 -9999 -9999
1014 1014 1045 1045 1037 1037 1008 1008 957 957 971 971 952 914 895 895 879 879 888 898 898 898 917 917 943 926 926 926 926 926 923 943 965 971 971 971 973 1067 1067 1111 1111 1143 1143 1111 1103 1027 1027 1005 1005 1057 1057 1034 1034 1066 1066 1099 1099 1065 1020 1012 1015 1015 1015 987 987 974 970 970 970 -9999 -9999 -9999 -9999 -9999 -9999 -9999 -9999 -9999 -9999 -9999
1005 1038 1053 1053 1053 1011 1011 1008 952 952 947 947 947 905 897 897 889 889 888 888 905 905 916 916 925 925 926 930 930 930 932 952 964 964 978 978 1003 1003 1090 1090 1258 1258 1176 1103 1103 1098 1048 1048 1012 1014 1014 1034 1034 1033 1046 1067 1067 1003 1003 1003 999 1001 1001 987 987 972 972 -9999 -9999 -9999 -9999 -9999 -9999 -9999 -9999 -9999 -9999 -9999 -9999 -9999
1044 1038 1023 1037 1037 982 982 948 948 945 945 922 922 905 910 900 900 904 904 901 905 913 913 924 924 929 943 943 943 940 940 952 964 961 978 978 978 1029 1090 1090 1251 1251 1190 1190 1098 1098 1048 1037 1029 1029 1016 1016 1020 1020 1036 1036 1020 1020 1003 1007 1001 1001 989 989 967 967 972 -9999 -9999 -9999 -9999 -9999 -9999 -9999 -9999 -9999 -9999 -9999 -9999 -9999
1030 1030 1024 1001 1001 1001 964 964 948 930 930 919 919 919 910 900 908 912 912 912 908 923 923 933 933 939 939 943 980 984 984 962 962 961 961 983 983 1016 1016 1102 1102 1251 1143 1108 1063 1063 1058 1088 1088 1036 1008 1008 1008 1017 1017 1008 1006 1006 1007 1007 1007 1036 1001 1001 977 977 973 973 -9999 -9999 -9999 -9999 -9999 -9999 -9999 -9999 -9999 -9999 -9999 -9999
1008 1008 1024 993 971 971 950 950 936 936 933 933 924 924 914 920 915 915 916 916 912 912 939 939 934 934 968 980 980 1068 1008 1008 971 965 965 983 988 988 1038 1129 1129 1073 1073 1073 1066 1058 1058 1088 1057 1031 1031 1008 1008 1017 1017 1006 1006 1010 1010 1033 1020 1030 1030 994 994 975 975 973 -9999 -9999 -9999 -9999 -9999 -9999 -9999 -9999 -9999 -9999 -9999 -9999
1037 1014 1014 993 971 965 965 952 952 939 932 932 932 923 923 920 915 924 925 925 925 927 939 939 965 965 1035 1035 1068 1068 1008 983 970 970 977 977 1013 1013 1142 1142 1168 1168 1073 1053 1051 1050 1050 1050 1057 1057 1032 1010 1010 1010 1007 1007 1025 1022 1022 1020 1020 1020 1005 979 979 969 969 959 959 -9999 -9999 -9999 -9999 -9999 -9999 -9999 -9999 -9999 -9999 -9999
1022 1010 1010 1010 981 970 970 959 959 947 947 940 940 932 932 923 923 924 945 932 932 940 940 936 936 991 991 1055 1031 1031 1068 1027 1027 979 996 996 1013 1095 1095 1186 1115 1115 1053 1053 1067 1053 1046 1046 1048 1031 1027 1027 1004 1004 1007 1007 1026 1026 1022 1022 1018 1018 1005 1005 975 975 963 963 -9999 -9999 -9999 -9999 -9999 -9999 -9999 -9999 -9999 -9999 -9999 -9999
1040 1040 1002 1002 981 981 980 980 967 967 959 940 940 953 942 942 941 945 945 932 938 938 945 947 947 962 962 1024 1024 1068 1068 1027 1061 992 992 1007 1007 1095 1095 1093 1093 1062 1062 1067 1053 1050 1050 1040 1040 1031 1031 1023 1016 1016 1016 1022 1022 1026 1036 1036 1023 1023 1023 986 975 975 -9999 -9999 -9999 -9999 -9999 -9999 -9999 -9999 -9999 -9999 -9999 -9999 -9999 -9999
1040 1012 1000 1000 1000 989 980 980 997 997 971 971 953 953 942 951 956 956 957 951 969 969 988 988 952 952 975 975 1033 1130 1130 1130 1061 1006 1001 1060 1060 1060 1114 1114 1056 1048 1048 1053 1053 1046 1049 1039 1039 1024 1024 1023 1026 1030 1030 1018 1018 1015 1015 1024 1024 1002 1002 986 982 -9999 -9999 -9999 -9999 -9999 -9999 -9999 -9999 -9999 -9999 -9999 -9999 -9999 -9999 -9999
1011 1012 1064 1036 1036 1005 1005 998 998 1031 1031 985 962 962 1012 994 994 970 951 951 969 1022 1022 1014 986 986 975 975 995 1015 1056 1056 1006 999 1016 1016 1077 1077 1114 1114 1050 1050 1042 1042 1046 1046 1049 1040 1027 1027 1026 1014 1026 1028 1028 1028 1017 1017 1015 999 999 986 986 986 982 -9999 -9999 -9999 -9999 -9999 -9999 -9999 -9999 -9999 -9999 -9999 -9999 -9999 -9999 -9999
1054 1064 1064 1036 1077 1077 1052 1064 1064 1034 1034 1034 1022 1012 1012 994 1039 996 996 985 985 1022 1022 1020 1020 1060 1060 1012 1012 990 990 1018 1018 999 988 1020 1034 1034 1034 1056 1056 1051 1046 1046 1038 1038 1025 1030 1033 1033 1014 1014 1026 1024 1011 1011 1003 1003 1009 1009 987 987 974 974 -9999 -9999 -9999 -9999 -9999 -9999 -9999 -9999 -9999 -9999 -9999 -9999 -9999 -9999 -9999 -9999
1237 1237 1182 1157 1089 1089 1058 1058 1043 1043 1030 1030 1064 1064 1088 1088 1039 1058 1015 1019 1019 1019 1064 1064 1036 1052 1052 1012 1012 1006 985 980 980 988 988 1020 1030 1026 1026 1048 1048 1055 1055 1045 1045 1025 1025 1030 1037 1033 1033 1005 1005 1024 1011 1014 1014 1012 1012 999 985 985 -9999 -9999 -9999 -9999 -9999 -9999 -9999 -9999 -9999 -9999 -9999 -9999 -9999 -9999 -9999 -9999 -9999 -9999
1106 1221 1157 1157 1157 1054 1054 1062 1079 1079 1030 1030 1029 1076 1107 1107 1058 1037 1022 1022 1030 1030 1064 1064 1049 1049 1038 1038 1006 1006 985 987 982 982 1000 1020 1038 1034 1034 1034 1057 1057 1046 1041 1041 1039 1039 1039 1037 1024 1024 1008 1008 1023 1015 1008 1008 994 994 989 989 -9999 -9999 -9999 -9999 -9999 -9999 -9999 -9999 -9999 -9999 -9999 -9999 -9999 -9999 -9999 -9999 -9999 -9999 -9999
1045 1048 1048 1060 1060 1054 1025 1021 1021 1013 1013 1010 1010 1040 1040 1072 1072 1037 1055 1022 1034 1034 1034 1069 1069 1064 1069 1069 1018 1018 1005 986 1003 1003 1020 1020 1038 1033 1038 1038 1038 1038 1046 1046 1052 1052 1044 1044 1035 1042 1023 1023 1008 1008 1015 1008 985 985 971 971 971 -9999 -9999 -9999 -9999 -9999 -9999 -9999 -9999 -9999 -9999 -9999 -9999 -9999 -9999 -9999 -9999 -9999 -9999 -9999
1045 1063 1043 1032 1032 1032 1020 1020 1008 997 997 1010 1010 997 995 1076 1076 1055 1055 1022 1029 1030 1030 1060 1060 1064 1064 1038 1038 1005 1005 986 1001 1033 1033 1040 1040 1033 1038 1033 1033 1047 1047 1031 1041 1041 1054 1054 1054 1042 1011 1011 1013 1013 1004 1004 985 968 958 958 -9999 -9999 -9999 -9999 -9999 -9999 -9999 -9999 -9999 -9999 -9999 -9999 -9999 -9999 -9999 -9999 -9999 -9999 -9999 -9999
1116 1116 1076 1076 1045 1045 1020 1056 1027 1027 1002 1002 997 997 992 992 1051 1051 1059 1030 1023 1035 1035 1035 1057 1057 1043 1016 1016 992 992 992 1001 1039 1039 1028 1028 1030 1027 1038 1038 1029 1029 1031 1031 1028 1028 1039 1039 1029 1029 1011 1018 999 999 977 968 -9999 -9999 -9999 -9999 -9999 -9999 -9999 -9999 -9999 -9999 -9999 -9999 -9999 -9999 -9999 -9999 -9999 -9999 -9999 -9999 -9999 -9999 -9999
1196 1116 1155 1114 1104 1104 1104 1056 1056 1064 1030 1030 1030 996 1026 999 1003 1003 1030 1030 1030 1007 1007 1007 1037 1037 1043 1043 1024 1024 1005 1005 1048 1048 1026 1026 1023 1023 1027 1030 1030 1030 1006 1006 1027 1028 1028 1031 1031 1031 1027 1057 1057 1019 1019 990 990 -9999 -9999 -9999 -9999 -9999 -9999 -9999 -9999 -9999 -9999 -9999 -9999 -9999 -9999 -9999 -9999 -9999 -9999 -9999 -9999 -9999 -9999 -9999
1250 1155 1155 1155 1122 1103 1103 1089 1085 1065 1065 1095 1095 1026 1026 1006 1006 1005 1005 1007 1007 1007 1005 1005 1005 1020 1020 1029 998 998 998 1002 1002 1048 1022 1022 1021 1021 1021 1025 1030 1030 1007 1007 1017 1017 1024 1024 1044 1044 1073 1073 1057 1048 1017 1017 -9999 -9999 -9999 -9999 -9999 -9999 -9999 -9999 -9999 -9999 -9999 -9999 -9999 -9999 -9999 -9999 -9999 -9999 -9999 -9999 -9999 -9999 -9999 -9999
