Week 7/1_MaxEnt/output/Hippodamia_variegata.asc
ncols         950
nrows         550
xllcorner     -14.0
yllcorner     49.0
cellsize      0.02
NODATA_value  -9999
[rows 403 to 433 of 550, columns 621 to 689 of 950]
6.7678E-1 5.93319E-1 5.87889E-1 6.01415E-1 6.59569E-1 6.59569E-1 6.77847E-1 6.77847E-1 7.15645E-1 7.31925E-1 7.73958E-1 8.35213E-1 8.0178E-1 8.10075E-1 8.49994E-1 8.4049E-1 8.3476E-1 8.3089E-1 8.02269E-1 8.06429E-1 8.08497E-1 7.74567E-1 7.76768E-1 7.7675E-1 7.78082E-1 7.75434E-1 7.77632E-1 7.7675E-1 7.7675E-1 8.08453E-1 8.08453E-1 7.6967E-1 7.6699E-1 7.64759E-1 7.90488E-1 7.8835E-1 7.8189E-1 7.71576E-1 7.76548E-1 7.78711E-1 7.83248E-1 7.85389E-1 7.72984E-1 7.77358E-1 7.20723E-1 7.13639E-1 7.16048E-1 6.99531E-1 6.88307E-1 6.70083E-1 6.43624E-1 6.15936E-1 6.09932E-1 6.06057E-1 6.56381E-1 5.86553E-1 5.74089E-1 5.7275E-1 5.67005E-1 6.23685E-1 5.46213E-1 5.4527E-1 6.02843E-1 6.78322E-1 6.8802E-1 6.98093E-1 7.26639E-1 7.24293E-1 7.72984E-1
6.69474E-1 6.45417E-1 6.56742E-1 6.59372E-1 6.84286E-1 6.82432E-1 6.84286E-1 7.31925E-1 7.58686E-1 7.72187E-1 7.97668E-1 8.35835E-1 8.18313E-1 8.14255E-1 8.46191E-1 8.44323E-1 8.3859E-1 8.11821E-1 7.79411E-1 7.81596E-1 7.46714E-1 7.51753E-1 7.54037E-1 7.54037E-1 7.82453E-1 7.80271E-1 7.43957E-1 7.40267E-1 7.40267E-1 8.08014E-1 8.05945E-1 7.94741E-1 7.93628E-1 7.91501E-1 7.91501E-1 7.84638E-1 7.75958E-1 7.63928E-1 7.69216E-1 7.71402E-1 7.811E-1 7.811E-1 7.59102E-1 7.26223E-1 7.19588E-1 7.14865E-1 6.94585E-1 6.82576E-1 6.86657E-1 6.62681E-1 6.11394E-1 5.86259E-1 5.66201E-1 5.6238E-1 5.74012E-1 5.45901E-1 5.63345E-1 6.067E-1 5.72408E-1 5.76212E-1 5.28084E-1 5.45969E-1 5.97354E-1 6.35207E-1 6.59502E-1 6.81035E-1 6.81035E-1 7.21943E-1 7.12795E-1
7.07229E-1 7.47451E-1 7.29272E-1 7.59885E-1 7.29316E-1 6.89624E-1 6.89624E-1 7.30127E-1 7.88402E-1 8.03907E-1 8.37749E-1 8.41964E-1 8.43845E-1 8.17926E-1 8.17926E-1 8.159E-1 8.159E-1 8.17926E-1 7.88105E-1 7.59491E-1 7.59491E-1 7.59491E-1 7.58586E-1 7.58586E-1 7.54497E-1 7.52214E-1 7.48095E-1 7.39343E-1 7.39343E-1 7.39343E-1 7.70543E-1 7.68322E-1 7.93628E-1 7.93628E-1 7.93628E-1 7.74967E-1 7.70577E-1 7.35982E-1 7.33672E-1 7.94866E-1 7.90645E-1 7.50115E-1 7.5237E-1 7.16875E-1 7.017E-1 7.017E-1 6.84895E-1 6.6558E-1 6.38874E-1 6.03242E-1 6.43289E-1 6.2817E-1 6.08716E-1 6.0683E-1 6.00491E-1 5.96692E-1 5.17452E-1 5.62439E-1 5.80021E-1 5.78116E-1 5.28084E-1 5.54739E-1 6.06305E-1 6.80389E-1 7.06554E-1 6.85309E-1 6.85309E-1 7.15162E-1 7.17524E-1
7.25588E-1 6.97965E-1 6.75566E-1 7.38426E-1 7.83412E-1 7.45932E-1 7.26466E-1 7.37216E-1 7.81411E-1 8.16155E-1 8.37749E-1 8.12997E-1 8.12997E-1 8.19557E-1 8.17539E-1 7.79841E-1 7.84201E-1 7.91985E-1 7.67155E-1 7.28022E-1 7.28022E-1 7.22848E-1 7.58138E-1 7.53587E-1 7.49926E-1 7.52214E-1 7.48095E-1 7.42579E-1 7.37491E-1 7.37491E-1 7.7321E-1 7.70997E-1 7.95746E-1 7.89222E-1 7.91357E-1 7.91357E-1 7.79328E-1 7.2299E-1 7.51158E-1 7.87722E-1 7.8345E-1 7.26056E-1 7.26056E-1 7.29142E-1 7.19816E-1 6.69647E-1 6.38097E-1 6.95342E-1 6.79447E-1 5.72385E-1 6.3762E-1 6.2817E-1 6.0683E-1 5.67088E-1 5.68951E-1 5.5633E-1 4.93459E-1 4.97101E-1 6.42256E-1 5.88397E-1 5.33221E-1 5.57186E-1 6.25603E-1 6.29137E-1 6.70151E-1 6.8222E-1 6.68952E-1 6.92686E-1 6.92686E-1
6.92965E-1 6.82066E-1 6.70035E-1 6.95748E-1 7.29198E-1 8.10546E-1 8.07199E-1 8.17285E-1 8.08406E-1 8.32337E-1 7.75885E-1 7.45796E-1 7.45796E-1 7.59491E-1 7.52666E-1 7.50378E-1 7.6401E-1 7.69395E-1 7.67155E-1 7.28022E-1 7.22848E-1 7.18594E-1 7.13835E-1 7.13555E-1 6.6316E-1 6.9163E-1 7.41191E-1 7.40267E-1 7.37491E-1 7.34708E-1 7.6474E-1 7.6474E-1 7.65637E-1 7.67866E-1 7.30986E-1 7.32849E-1 7.33779E-1 7.33779E-1 7.24897E-1 7.53487E-1 7.48943E-1 7.42085E-1 7.32044E-1 7.22741E-1 7.15128E-1 6.81813E-1 6.27346E-1 5.75782E-1 5.56662E-1 5.49288E-1 5.45501E-1 5.63485E-1 5.63485E-1 5.67088E-1 5.68951E-1 4.93224E-1 5.45152E-1 5.30227E-1 5.32757E-1 5.94884E-1 5.87682E-1 6.10097E-1 6.39062E-1 6.77581E-1 6.69431E-1 6.79093E-1 6.97474E-1 6.95082E-1 6.7692E-1
6.79581E-1 7.11171E-1 7.23439E-1 7.12674E-1 7.23739E-1 7.66669E-1 8.14582E-1 8.30461E-1 8.11777E-1 8.199E-1 7.86794E-1 7.80271E-1 7.44877E-1 7.54047E-1 7.30864E-1 7.30864E-1 7.35557E-1 7.27574E-1 7.18103E-1 7.15725E-1 7.15725E-1 7.13342E-1 7.01452E-1 7.74338E-1 6.95032E-1 7.18651E-1 7.89848E-1 7.27714E-1 7.23986E-1 7.6254E-1 7.60295E-1 7.55583E-1 7.5332E-1 7.49736E-1 7.35177E-1 7.32849E-1 7.33779E-1 7.22547E-1 6.83824E-1 6.69344E-1 6.65613E-1 6.31611E-1 6.1167E-1 6.20992E-1 6.17213E-1 6.43553E-1 6.10144E-1 5.82983E-1 5.7544E-1 5.77276E-1 6.08493E-1 5.53213E-1 5.51364E-1 5.45889E-1 5.5633E-1 5.02588E-1 5.3791E-1 6.07172E-1 6.11772E-1 5.59328E-1 5.90573E-1 6.67983E-1 6.75184E-1 6.79975E-1 6.59021E-1 6.68712E-1 6.71131E-1 7.40106E-1 7.32294E-1
8.40807E-1 8.27825E-1 8.27825E-1 7.83158E-1 7.74521E-1 7.96816E-1 7.91223E-1 8.0178E-1 7.74549E-1 7.83309E-1 7.91949E-1 7.89819E-1 7.44877E-1 7.58596E-1 7.27613E-1 7.29969E-1 7.62219E-1 7.5085E-1 7.04309E-1 7.04309E-1 7.0526E-1 6.90794E-1 6.90438E-1 7.25424E-1 6.96978E-1 7.91022E-1 7.88901E-1 7.93135E-1 7.23986E-1 7.64778E-1 7.52682E-1 7.64261E-1 7.64261E-1 7.26554E-1 7.24207E-1 7.27768E-1 7.16004E-1 6.9644E-1 6.33553E-1 6.38615E-1 6.25658E-1 5.83084E-1 5.17454E-1 5.59231E-1 6.28435E-1 6.36132E-1 5.75271E-1 5.58211E-1 5.73834E-1 5.72001E-1 5.63485E-1 5.90099E-1 5.90099E-1 5.86345E-1 5.5073E-1 5.60072E-1 4.97656E-1 5.50744E-1 5.84286E-1 6.15017E-1 6.3433E-1 6.28414E-1 6.3571E-1 6.45677E-1 6.50536E-1 6.66291E-1 6.76441E-1 7.12369E-1 6.71443E-1
8.47996E-1 8.38525E-1 8.38525E-1 8.13822E-1 8.03512E-1 8.35053E-1 8.35053E-1 7.82025E-1 7.8853E-1 7.59043E-1 7.76966E-1 7.44877E-1 7.11942E-1 7.32359E-1 7.30008E-1 7.30494E-1 7.11528E-1 7.74982E-1 7.87657E-1 7.85509E-1 6.88376E-1 6.90794E-1 7.02484E-1 7.06329E-1 7.37969E-1 7.42599E-1 6.95621E-1 6.90794E-1 7.79515E-1 7.68407E-1 7.68407E-1 7.55265E-1 7.22238E-1 7.24588E-1 7.14181E-1 7.23986E-1 6.93117E-1 6.86943E-1 6.10678E-1 6.1497E-1 6.11126E-1 5.51675E-1 5.19724E-1 5.94412E-1 5.92515E-1 6.12939E-1 5.46918E-1 5.54439E-1 5.20778E-1 5.20778E-1 5.4961E-1 5.47748E-1 5.73225E-1 5.99724E-1 5.80769E-1 5.92127E-1 5.25971E-1 5.67452E-1 6.01455E-1 6.16018E-1 6.90861E-1 6.97945E-1 6.58456E-1 6.56114E-1 6.60965E-1 6.42949E-1 6.45397E-1 6.58489E-1 6.63372E-1
8.159E-1 8.17926E-1 8.18742E-1 8.18742E-1 8.17496E-1 8.19515E-1 7.80271E-1 7.51302E-1 7.67165E-1 7.7475E-1 7.70297E-1 7.68759E-1 7.62061E-1 7.03853E-1 7.34705E-1 7.3098E-1 7.0724E-1 7.26639E-1 7.3568E-1 7.3568E-1 7.31053E-1 7.23986E-1 7.44931E-1 7.15882E-1 7.51791E-1 7.11114E-1 7.06329E-1 7.01531E-1 7.0956E-1 7.11932E-1 7.24931E-1 7.20918E-1 7.26933E-1 7.22238E-1 7.07441E-1 6.93117E-1 6.47198E-1 6.40278E-1 5.95194E-1 5.85547E-1 6.0298E-1 6.03604E-1 5.99939E-1 5.09079E-1 5.09079E-1 5.35451E-1 5.31862E-1 5.82923E-1 5.82923E-1 5.20778E-1 5.6645E-1 5.65698E-1 5.38813E-1 5.76732E-1 6.14801E-1 6.24262E-1 6.37826E-1 6.39128E-1 6.2657E-1 6.38644E-1 6.63784E-1 6.70994E-1 6.65676E-1 6.99802E-1 7.02172E-1 6.45397E-1 6.45397E-1 6.87032E-1 7.27653E-1
7.87681E-1 7.85517E-1 7.86387E-1 7.86387E-1 8.14646E-1 8.14646E-1 7.80271E-1 7.88953E-1 7.68069E-1 7.70306E-1 7.57241E-1 7.41191E-1 7.35637E-1 6.89439E-1 7.01491E-1 7.33329E-1 7.14406E-1 6.76309E-1 6.69008E-1 7.71722E-1 7.67344E-1 6.63839E-1 7.02608E-1 7.14797E-1 6.9429E-1 6.79768E-1 6.967E-1 6.97958E-1 6.95549E-1 6.82563E-1 7.2327E-1 7.2327E-1 7.26933E-1 7.1216E-1 6.9069E-1 6.49598E-1 6.6249E-1 6.31603E-1 6.46077E-1 6.44188E-1 6.0298E-1 6.03604E-1 5.79739E-1 5.29509E-1 5.29509E-1 5.29509E-1 5.5301E-1 5.59976E-1 5.58121E-1 5.42176E-1 5.4961E-1 6.1114E-1 6.24667E-1 5.48369E-1 5.77058E-1 6.72951E-1 6.87208E-1 6.63068E-1 6.38644E-1 6.50968E-1 6.89276E-1 6.94039E-1 6.86382E-1 6.86382E-1 6.73787E-1 6.73787E-1 6.87032E-1 6.87032E-1 7.22993E-1
8.25936E-1 7.96256E-1 7.94545E-1 7.94545E-1 7.9582E-1 7.9582E-1 7.62219E-1 7.64473E-1 7.68069E-1 7.54506E-1 7.65942E-1 7.59219E-1 7.67991E-1 7.59102E-1 6.86161E-1 7.07684E-1 7.1788E-1 6.98742E-1 6.75647E-1 6.97474E-1 6.95082E-1 6.61246E-1 6.9524E-1 6.78395E-1 6.85672E-1 6.77339E-1 6.48293E-1 6.97474E-1 6.90287E-1 6.98161E-1 6.93374E-1 6.98161E-1 6.86173E-1 6.64156E-1 6.27717E-1 5.94166E-1 6.54736E-1 6.43409E-1 5.48887E-1 5.50683E-1 5.35451E-1 5.34056E-1 5.31452E-1 5.25938E-1 5.39729E-1 5.47018E-1 5.61067E-1 5.4961E-1 5.38471E-1 5.31089E-1 5.40323E-1 5.31456E-1 5.27777E-1 5.40374E-1 6.05583E-1 6.28414E-1 6.50295E-1 6.52608E-1 6.60607E-1 6.65419E-1 6.70226E-1 6.65571E-1 6.63149E-1 6.67992E-1 6.81742E-1 6.81742E-1 6.76441E-1 6.74027E-1 6.1644E-1
7.95401E-1 8.00495E-1 8.00495E-1 8.00062E-1 8.00062E-1 7.93248E-1 7.91105E-1 7.50859E-1 7.39343E-1 7.31918E-1 7.5137E-1 7.46815E-1 7.79515E-1 7.81685E-1 7.08159E-1 7.10517E-1 7.22625E-1 6.98742E-1 6.61404E-1 6.61404E-1 6.76309E-1 7.0769E-1 7.02243E-1 6.75647E-1 7.04804E-1 6.53185E-1 6.53185E-1 6.99864E-1 6.62647E-1 6.87558E-1 6.77995E-1 6.56109E-1 6.24734E-1 6.4394E-1 5.58069E-1 5.91744E-1 5.70888E-1 5.69092E-1 4.63021E-1 4.64691E-1 4.69721E-1 5.32245E-1 5.31452E-1 5.39209E-1 5.48299E-1 5.48299E-1 5.32609E-1 5.49435E-1 5.34054E-1 5.19239E-1 5.58197E-1 5.75103E-1 5.88874E-1 5.25328E-1 5.63159E-1 6.25259E-1 6.47143E-1 6.23572E-1 6.23572E-1 6.52483E-1 6.76441E-1 6.80787E-1 6.71131E-1 6.73787E-1 6.57819E-1 6.55392E-1 6.55392E-1 6.58059E-1 6.55633E-1
7.82899E-1 7.76336E-1 7.63421E-1 7.70562E-1 7.72775E-1 7.67866E-1 7.65637E-1 7.67866E-1 7.67866E-1 7.36574E-1 7.38895E-1 6.95968E-1 7.07977E-1 7.10732E-1 6.95396E-1 6.97805E-1 7.42259E-1 7.14181E-1 6.63845E-1 6.68721E-1 6.83307E-1 7.05013E-1 7.00366E-1 6.88307E-1 6.68249E-1 6.58489E-1 6.5341E-1 6.96067E-1 6.26731E-1 5.95396E-1 5.99123E-1 6.21932E-1 6.0683E-1 5.39955E-1 5.36356E-1 5.80592E-1 5.37608E-1 5.58069E-1 5.39955E-1 5.05149E-1 5.21204E-1 5.45969E-1 5.31823E-1 5.41061E-1 5.88901E-1 6.13438E-1 6.00818E-1 4.95736E-1 5.45343E-1 6.11576E-1 6.45629E-1 6.62501E-1 6.5467E-1 6.42523E-1 6.34746E-1 6.39609E-1 6.83195E-1 6.71131E-1 6.52483E-1 6.90882E-1 6.74027E-1 6.68712E-1 6.91659E-1 7.12027E-1 7.12027E-1 6.67823E-1 6.65419E-1 6.1644E-1 6.1644E-1
8.30758E-1 8.28807E-1 7.65656E-1 7.70562E-1 7.68759E-1 7.70979E-1 7.37969E-1 7.42599E-1 7.52116E-1 7.12413E-1 7.17177E-1 7.24632E-1 7.26994E-1 7.33439E-1 7.35783E-1 6.87774E-1 6.68206E-1 6.73591E-1 6.76023E-1 6.46913E-1 6.56764E-1 6.66596E-1 6.68249E-1 6.70685E-1 6.93755E-1 6.81742E-1 7.05546E-1 6.62563E-1 5.86018E-1 5.24086E-1 5.15688E-1 4.57237E-1 4.58881E-1 4.57237E-1 4.67659E-1 4.79697E-1 5.37608E-1 5.5989E-1 5.14955E-1 4.92263E-1 5.34027E-1 5.55624E-1 5.44647E-1 5.39878E-1 5.29543E-1 5.22639E-1 5.86166E-1 6.43442E-1 6.31935E-1 6.65456E-1 6.58456E-1 6.68079E-1 6.77677E-1 6.49814E-1 6.26682E-1 6.24233E-1 6.64725E-1 6.59844E-1 6.5962E-1 6.49842E-1 6.79332E-1 6.79332E-1 6.91659E-1 6.89276E-1 6.91913E-1 6.36937E-1 6.36937E-1 6.11099E-1 6.13545E-1
7.95746E-1 7.95746E-1 7.6254E-1 7.69234E-1 7.77595E-1 7.79786E-1 7.4352E-1 7.45824E-1 7.49828E-1 7.19553E-1 7.26654E-1 7.29013E-1 7.11458E-1 7.18603E-1 7.30067E-1 6.83972E-1 6.83972E-1 6.71221E-1 6.73672E-1 6.7885E-1 6.7885E-1 6.55956E-1 6.31309E-1 6.86317E-1 6.79093E-1 6.70129E-1 6.08811E-1 5.6857E-1 5.24086E-1 4.94593E-1 4.41838E-1 4.08219E-1 4.42655E-1 4.49195E-1 4.84122E-1 4.92851E-1 5.12428E-1 5.66447E-1 6.59729E-1 6.101E-1 5.92932E-1 4.84153E-1 5.44418E-1 5.35021E-1 5.35021E-1 5.26304E-1 5.28697E-1 5.47187E-1 6.04444E-1 6.29641E-1 6.34505E-1 6.65932E-1 6.68336E-1 6.50717E-1 6.29131E-1 6.41377E-1 6.54444E-1 6.51981E-1 7.06639E-1 6.94705E-1 6.99549E-1 6.99549E-1 7.27295E-1 6.73138E-1 6.47384E-1 5.97543E-1 5.95105E-1 5.92668E-1 5.41376E-1
7.88933E-1 7.63611E-1 7.63611E-1 7.71414E-1 7.31918E-1 7.6618E-1 7.22238E-1 7.26933E-1 7.38589E-1 7.50115E-1 7.15502E-1 7.05946E-1 6.77708E-1 6.84987E-1 6.65621E-1 6.2676E-1 6.34159E-1 7.00929E-1 7.05696E-1 7.12819E-1 6.84182E-1 6.68246E-1 6.51032E-1 6.75245E-1 6.63149E-1 5.84616E-1 5.00283E-1 5.61067E-1 5.57356E-1 5.27215E-1 4.49155E-1 4.39842E-1 5.03379E-1 5.3255E-1 5.06209E-1 5.009E-1 5.34826E-1 5.29399E-1 5.51473E-1 5.36984E-1 5.08536E-1 6.65516E-1 6.22607E-1 6.34847E-1 6.13431E-1 5.99183E-1 5.97801E-1 6.28923E-1 6.63527E-1 6.52002E-1 6.47143E-1 6.03767E-1 6.15991E-1 5.82679E-1 5.75302E-1 6.32479E-1 6.37378E-1 6.40051E-1 6.35153E-1 6.40051E-1 7.06275E-1 7.06275E-1 6.75536E-1 6.75536E-1 6.52242E-1 5.34727E-1 5.66854E-1 5.66854E-1 4.69333E-1
7.244E-1 7.46702E-1 7.602E-1 7.51158E-1 7.51158E-1 7.59459E-1 7.59459E-1 7.3568E-1 7.3568E-1 7.00035E-1 7.30471E-1 7.28149E-1 7.04914E-1 7.21373E-1 6.5341E-1 6.50964E-1 6.39602E-1 6.39602E-1 5.97421E-1 6.02335E-1 6.14642E-1 6.52455E-1 6.39507E-1 7.23661E-1 7.14362E-1 6.23989E-1 5.22639E-1 4.97098E-1 4.93648E-1 4.6589E-1 4.70973E-1 4.55135E-1 5.13123E-1 6.09269E-1 6.39978E-1 5.31686E-1 5.29862E-1 5.13148E-1 5.53704E-1 5.51838E-1 5.71647E-1 6.83145E-1 6.71347E-1 6.68945E-1 6.5158E-1 6.2744E-1 6.24768E-1 6.62757E-1 6.44472E-1 6.20886E-1 6.42926E-1 6.08654E-1 6.10548E-1 6.47528E-1 6.24958E-1 6.37378E-1 6.39827E-1 6.50515E-1 6.48069E-1 6.2197E-1 6.2197E-1 6.21336E-1 6.23784E-1 5.61359E-1 5.68692E-1 5.49314E-1 5.81477E-1 4.98391E-1 4.17727E-1
5.52919E-1 6.03179E-1 6.22052E-1 6.4095E-1 6.64297E-1 7.00378E-1 6.93648E-1 5.99724E-1 5.95857E-1 5.85969E-1 5.82151E-1 5.80245E-1 5.85969E-1 6.19469E-1 6.72134E-1 5.97543E-1 6.23784E-1 6.26233E-1 6.31581E-1 6.31581E-1 5.95173E-1 6.44439E-1 6.32109E-1 5.85369E-1 6.86374E-1 5.71516E-1 4.90355E-1 4.52242E-1 4.52242E-1 4.59972E-1 4.72019E-1 5.16073E-1 5.47762E-1 5.76891E-1 5.88958E-1 6.66842E-1 6.17269E-1 6.04356E-1 6.66619E-1 7.436E-1 6.4975E-1 7.03777E-1 6.64753E-1 6.18529E-1 6.57942E-1 6.62757E-1 6.65163E-1 6.69969E-1 6.59042E-1 6.1065E-1 5.82303E-1 6.46279E-1 6.87608E-1 6.77841E-1 6.20451E-1 6.05194E-1 6.1263E-1 6.87048E-1 6.87048E-1 6.24748E-1 6.04499E-1 5.83085E-1 5.9295E-1 6.40054E-1 6.49982E-1 6.16952E-1 4.92541E-1 4.09434E-1 3.77878E-1
5.43697E-1 4.76846E-1 5.00632E-1 5.12712E-1 5.75863E-1 6.05035E-1 6.03168E-1 6.0555E-1 5.30167E-1 5.39228E-1 5.40503E-1 5.27404E-1 5.40198E-1 5.22319E-1 5.57207E-1 5.32529E-1 5.78088E-1 7.00389E-1 7.28173E-1 6.12871E-1 6.12871E-1 6.74447E-1 6.36456E-1 6.07084E-1 6.57992E-1 5.39578E-1 4.48635E-1 4.55286E-1 4.65416E-1 4.67137E-1 5.11127E-1 6.12678E-1 5.56037E-1 6.15744E-1 6.76856E-1 6.49855E-1 5.98833E-1 6.01256E-1 7.58751E-1 6.66968E-1 6.00466E-1 6.25335E-1 6.72496E-1 5.66056E-1 5.49007E-1 6.17746E-1 6.20176E-1 6.33781E-1 6.33781E-1 6.13096E-1 6.29017E-1 6.99976E-1 6.72396E-1 6.64984E-1 6.65303E-1 6.62829E-1 6.65706E-1 6.75584E-1 6.45128E-1 6.27625E-1 6.62519E-1 5.47609E-1 5.67226E-1 5.80799E-1 5.95803E-1 5.23799E-1 5.09271E-1 4.13764E-1 3.28281E-1
5.25831E-1 5.27616E-1 5.04689E-1 5.09967E-1 5.09358E-1 5.11105E-1 5.26417E-1 5.28188E-1 5.24757E-1 5.24757E-1 4.73532E-1 5.04467E-1 5.17044E-1 5.39121E-1 5.42793E-1 5.98673E-1 6.03185E-1 5.64195E-1 6.27009E-1 4.77553E-1 5.64205E-1 6.59149E-1 6.47164E-1 5.81656E-1 4.8153E-1 4.71123E-1 4.62588E-1 4.54638E-1 4.70715E-1 4.99228E-1 5.88902E-1 6.53068E-1 6.18752E-1 6.57641E-1 6.26765E-1 6.7736E-1 6.87003E-1 6.87003E-1 6.45352E-1 6.41559E-1 6.26968E-1 5.88818E-1 6.65135E-1 5.98047E-1 6.37355E-1 5.90855E-1 5.88405E-1 5.91269E-1 5.83922E-1 6.38703E-1 6.06239E-1 6.36022E-1 6.45953E-1 6.50765E-1 6.40769E-1 6.87483E-1 6.61485E-1 6.71443E-1 6.65092E-1 6.52622E-1 5.8207E-1 5.8207E-1 5.95954E-1 6.21078E-1 5.53432E-1 5.4107E-1 5.2271E-1 3.69208E-1 3.43467E-1
5.52841E-1 5.52841E-1 5.29543E-1 5.07677E-1 5.11235E-1 5.09632E-1 5.13551E-1 5.13551E-1 4.70552E-1 4.68855E-1 4.78657E-1 4.82088E-1 4.8827E-1 4.98891E-1 5.19341E-1 5.3236E-1 5.56474E-1 4.82313E-1 4.50957E-1 3.96769E-1 4.99658E-1 6.36883E-1 5.78288E-1 4.88543E-1 4.2591E-1 4.84944E-1 5.27668E-1 5.21274E-1 5.04841E-1 5.46623E-1 5.70314E-1 6.34365E-1 6.53671E-1 6.35085E-1 6.70163E-1 6.19523E-1 5.99471E-1 6.01877E-1 6.06587E-1 6.11442E-1 6.23593E-1 6.6247E-1 6.54533E-1 6.6963E-1 6.32386E-1 6.33154E-1 6.30671E-1 6.30863E-1 6.25896E-1 6.31438E-1 6.36406E-1 6.43471E-1 6.825E-1 6.60199E-1 6.67673E-1 6.66961E-1 6.24726E-1 6.27243E-1 6.24726E-1 6.84407E-1 7.06555E-1 6.52413E-1 7.03153E-1 6.93322E-1 5.60458E-1 5.50523E-1 4.17826E-1 4.11258E-1 2.94196E-1
4.98489E-1 5.35021E-1 5.44195E-1 5.14802E-1 5.14043E-1 5.04353E-1 5.23765E-1 5.23765E-1 5.20173E-1 4.88015E-1 5.009E-1 4.93113E-1 4.87385E-1 4.90879E-1 5.08247E-1 5.336E-1 5.52216E-1 5.2472E-1 4.5265E-1 4.61167E-1 5.05601E-1 6.06341E-1 6.48651E-1 6.13895E-1 5.36368E-1 5.3082E-1 5.87247E-1 5.93115E-1 6.09721E-1 5.90213E-1 5.87814E-1 6.26391E-1 6.23993E-1 6.16821E-1 6.96704E-1 5.83786E-1 5.52411E-1 5.51532E-1 5.68365E-1 5.55491E-1 5.91236E-1 6.18288E-1 6.67176E-1 6.79427E-1 6.54725E-1 6.47092E-1 6.63112E-1 6.63112E-1 6.25815E-1 6.20815E-1 6.77204E-1 6.84958E-1 6.89866E-1 6.75131E-1 6.72647E-1 6.22208E-1 6.27243E-1 6.35203E-1 6.32685E-1 6.38696E-1 6.53791E-1 6.6076E-1 6.54764E-1 6.52251E-1 5.1153E-1 5.06683E-1 5.06683E-1 3.84748E-1 3.27322E-1
4.63283E-1 4.89528E-1 5.00162E-1 5.25596E-1 5.43549E-1 5.34566E-1 5.21168E-1 5.06433E-1 5.13551E-1 5.009E-1 5.04437E-1 5.0723E-1 5.0856E-1 5.03191E-1 4.84079E-1 5.11498E-1 5.54011E-1 5.39688E-1 5.26926E-1 5.47128E-1 5.40105E-1 5.75368E-1 5.70822E-1 5.94759E-1 5.65045E-1 5.38707E-1 6.87958E-1 6.66552E-1 5.65852E-1 5.69695E-1 5.64902E-1 5.80445E-1 5.97475E-1 5.80791E-1 5.80791E-1 6.15497E-1 6.17944E-1 6.07487E-1 6.02602E-1 6.15721E-1 6.00433E-1 6.12735E-1 6.41731E-1 6.41731E-1 6.36799E-1 6.14815E-1 6.40796E-1 6.27227E-1 6.35818E-1 6.43319E-1 6.56802E-1 6.54306E-1 6.13318E-1 6.15396E-1 6.2486E-1 6.22342E-1 6.3366E-1 6.37721E-1 6.37721E-1 6.41213E-1 6.48762E-1 6.58249E-1 6.6327E-1 6.01791E-1 6.04319E-1 4.73123E-1 4.70768E-1 4.13824E-1 3.04631E-1
4.52905E-1 4.49613E-1 4.53811E-1 4.72163E-1 5.18476E-1 4.83903E-1 5.70812E-1 5.47865E-1 5.19341E-1 5.11694E-1 5.1715E-1 5.3602E-1 5.42662E-1 5.39211E-1 4.99904E-1 5.14256E-1 5.58362E-1 6.03118E-1 5.8896E-1 6.03176E-1 5.93373E-1 5.45139E-1 5.33338E-1 6.0226E-1 6.45309E-1 6.11514E-1 5.52476E-1 5.95713E-1 6.21444E-1 6.21444E-1 5.82872E-1 5.7802E-1 6.22167E-1 6.31894E-1 6.1148E-1 6.11704E-1 5.9705E-1 5.95283E-1 5.97721E-1 5.89295E-1 5.91729E-1 6.4598E-1 6.4355E-1 6.60526E-1 6.48389E-1 6.52745E-1 5.44714E-1 5.59285E-1 5.75489E-1 6.00319E-1 6.35291E-1 6.59187E-1 6.20428E-1 6.17912E-1 6.27377E-1 6.27377E-1 5.67365E-1 5.72367E-1 5.74871E-1 5.79888E-1 6.53791E-1 6.61327E-1 5.96932E-1 5.89177E-1 5.84144E-1 5.2128E-1 5.26182E-1 4.03673E-1 4.10209E-1
5.08074E-1 4.80899E-1 4.72844E-1 4.86817E-1 4.94384E-1 4.89131E-1 5.42881E-1 5.79232E-1 5.39172E-1 5.34525E-1 5.77963E-1 5.94501E-1 5.59437E-1 5.81241E-1 5.78883E-1 5.38841E-1 5.76451E-1 5.43711E-1 5.36626E-1 5.33338E-1 5.45139E-1 5.33338E-1 5.49884E-1 5.44779E-1 5.72095E-1 5.45844E-1 5.25605E-1 5.32639E-1 5.82695E-1 5.85971E-1 5.53906E-1 5.23028E-1 5.71381E-1 6.05186E-1 5.75597E-1 6.12206E-1 5.97654E-1 5.85565E-1 5.79959E-1 5.94344E-1 5.96453E-1 5.96933E-1 5.80026E-1 5.78572E-1 5.68961E-1 5.7255E-1 5.7255E-1 5.30269E-1 5.6268E-1 5.75975E-1 6.32492E-1 6.59079E-1 6.21303E-1 6.18787E-1 6.32413E-1 6.29895E-1 5.69865E-1 5.72367E-1 6.47789E-1 6.52818E-1 5.92858E-1 5.9538E-1 5.97322E-1 4.74991E-1 4.84425E-1 5.06683E-1 5.1396E-1 5.16396E-1 3.44598E-1
5.62292E-1 5.50853E-1 6.1307E-1 5.84828E-1 5.84828E-1 5.80179E-1 5.49843E-1 5.58159E-1 5.71238E-1 5.83099E-1 5.58939E-1 5.6844E-1 5.6641E-1 5.54552E-1 6.33454E-1 5.78282E-1 6.02945E-1 6.10069E-1 5.13273E-1 5.64287E-1 5.61912E-1 5.30756E-1 5.30756E-1 5.37639E-1 5.18764E-1 5.33105E-1 5.52025E-1 5.53246E-1 5.65266E-1 5.55864E-1 5.4657E-1 5.28663E-1 5.89697E-1 5.63242E-1 5.19781E-1 5.36179E-1 5.34524E-1 5.22806E-1 5.56161E-1 5.58529E-1 5.52032E-1 5.60394E-1 5.5093E-1 5.5093E-1 5.38516E-1 5.40877E-1 5.37639E-1 6.08833E-1 5.99064E-1 6.12769E-1 5.78115E-1 6.38987E-1 6.56475E-1 6.23383E-1 6.23383E-1 5.70874E-1 5.70874E-1 5.78344E-1 6.50304E-1 6.52818E-1 5.91888E-1 5.94409E-1 5.96351E-1 5.73717E-1 5.57164E-1 5.59651E-1 4.2325E-1 4.21037E-1 3.36772E-1
5.46345E-1 5.66211E-1 5.77963E-1 5.58428E-1 5.79704E-1 5.90034E-1 5.97189E-1 5.91328E-1 5.46372E-1 5.53448E-1 5.73715E-1 5.88069E-1 5.87558E-1 5.89957E-1 5.97328E-1 5.97328E-1 6.12446E-1 5.25605E-1 5.052E-1 4.63834E-1 4.63834E-1 4.86355E-1 5.14707E-1 4.89286E-1 5.5823E-1 5.00379E-1 5.2352E-1 5.44757E-1 5.44757E-1 5.37399E-1 5.39775E-1 5.73803E-1 5.69002E-1 5.20263E-1 4.94899E-1 4.82662E-1 4.8763E-1 4.8763E-1 4.80188E-1 4.80188E-1 5.40265E-1 5.37921E-1 5.14538E-1 5.14538E-1 5.12814E-1 5.19781E-1 5.49556E-1 6.00833E-1 6.2284E-1 5.92901E-1 6.07748E-1 6.17669E-1 6.43494E-1 6.23821E-1 6.23821E-1 5.64409E-1 5.66905E-1 5.78922E-1 5.83946E-1 5.84526E-1 5.87041E-1 5.89948E-1 5.89948E-1 5.824E-1 5.62362E-1 5.4994E-1 4.16631E-1 4.07904E-1 3.19749E-1
4.85854E-1 4.84949E-1 5.04665E-1 4.46553E-1 4.5863E-1 4.41331E-1 4.83189E-1 5.03481E-1 5.1878E-1 4.86472E-1 5.08685E-1 5.86498E-1 5.98418E-1 6.05588E-1 5.41111E-1 5.41111E-1 5.71106E-1 5.78215E-1 5.6302E-1 5.55908E-1 4.76062E-1 4.71563E-1 5.43614E-1 5.3892E-1 5.53531E-1 4.95804E-1 5.31262E-1 5.33612E-1 5.16594E-1 5.00326E-1 5.23416E-1 5.71402E-1 5.5943E-1 5.20263E-1 5.0406E-1 4.94081E-1 4.9182E-1 5.01862E-1 5.01862E-1 4.9182E-1 4.89565E-1 5.31947E-1 5.12238E-1 5.12238E-1 5.10041E-1 5.21649E-1 5.82435E-1 5.96933E-1 5.79174E-1 5.9141E-1 6.10802E-1 6.48293E-1 6.27613E-1 6.1663E-1 6.21663E-1 6.37438E-1 6.37438E-1 5.76991E-1 5.795E-1 5.795E-1 5.795E-1 6.42473E-1 6.42473E-1 5.65747E-1 5.6076E-1 5.45876E-1 5.28676E-1 3.83497E-1 3.73177E-1
4.7447E-1 4.76209E-1 4.99314E-1 4.1761E-1 3.58207E-1 3.17695E-1 4.27009E-1 4.5178E-1 4.45324E-1 4.48852E-1 4.71208E-1 4.98748E-1 5.07809E-1 5.59574E-1 5.64287E-1 5.28583E-1 5.42612E-1 5.75843E-1 4.90122E-1 5.51454E-1 5.25806E-1 5.3506E-1 4.87314E-1 4.87314E-1 4.94322E-1 5.17182E-1 5.26573E-1 5.31262E-1 5.09832E-1 4.80188E-1 4.4205E-1 5.62959E-1 5.55847E-1 5.01782E-1 4.88099E-1 4.81323E-1 4.9182E-1 4.60089E-1 4.60089E-1 5.08137E-1 5.08137E-1 5.03355E-1 5.05606E-1 4.81872E-1 4.86355E-1 5.26321E-1 5.42793E-1 5.53246E-1 5.71447E-1 5.83649E-1 6.335E-1 6.48293E-1 6.27613E-1 6.27262E-1 6.6688E-1 6.6688E-1 6.16724E-1 6.1924E-1 6.38551E-1 5.70874E-1 5.70874E-1 6.3492E-1 6.32402E-1 6.06574E-1 5.99043E-1 5.24238E-1 4.97726E-1 4.00753E-1 3.77776E-1
4.54174E-1 4.50816E-1 3.8353E-1 3.4058E-1 2.562E-1 2.3617E-1 3.42229E-1 3.84636E-1 4.25829E-1 4.2517E-1 4.31861E-1 4.26068E-1 4.14536E-1 4.80532E-1 5.11844E-1 5.16939E-1 5.16939E-1 4.41448E-1 4.50097E-1 5.21266E-1 4.6359E-1 4.82827E-1 4.9182E-1 4.86834E-1 4.86834E-1 4.76387E-1 5.04536E-1 5.11457E-1 4.98336E-1 4.82439E-1 4.79401E-1 5.2264E-1 5.66785E-1 5.50317E-1 5.02683E-1 5.00405E-1 4.89508E-1 4.56051E-1 4.43108E-1 5.17759E-1 5.13215E-1 5.1556E-1 5.1556E-1 4.79638E-1 4.84111E-1 4.89475E-1 5.10236E-1 5.71424E-1 5.95106E-1 6.04935E-1 6.14783E-1 6.15379E-1 6.22825E-1 6.24762E-1 6.6439E-1 6.5398E-1 6.45818E-1 6.48317E-1 6.27104E-1 6.22069E-1 6.11241E-1 6.13755E-1 6.76036E-1 6.58735E-1 5.55906E-1 4.83383E-1 4.44252E-1 4.30667E-1 4.00595E-1
4.21676E-1 4.09403E-1 4.10973E-1 3.64483E-1 3.28619E-1 3.13759E-1 3.32406E-1 3.56127E-1 3.84518E-1 3.84518E-1 4.21173E-1 4.24433E-1 3.98342E-1 4.36828E-1 4.43609E-1 4.15173E-1 4.07018E-1 3.9489E-1 4.02892E-1 4.16706E-1 4.08521E-1 4.73913E-1 4.8435E-1 4.60403E-1 4.64816E-1 4.71476E-1 4.84939E-1 4.54151E-1 4.41056E-1 4.73766E-1 4.82678E-1 4.68635E-1 5.07813E-1 4.78636E-1 4.88857E-1 4.88857E-1 4.71768E-1 4.73968E-1 4.56703E-1 4.56703E-1 4.75417E-1 4.68823E-1 4.93034E-1 4.29966E-1 4.32087E-1 4.82642E-1 5.03273E-1 5.56305E-1 5.75597E-1 5.97146E-1 6.04519E-1 6.07748E-1 6.12707E-1 6.22262E-1 6.83801E-1 6.83801E-1 6.51701E-1 6.56693E-1 6.54197E-1 6.89371E-1 6.68822E-1 6.6635E-1 6.58735E-1 6.1406E-1 6.18438E-1 6.31832E-1 5.42691E-1 4.71703E-1 3.6872E-1
