Week 7/1_MaxEnt/output/Hippodamia_variegata_projection_novel.asc
ncols         950
nrows         550
xllcorner     -14.0
yllcorner     49.0
cellsize      0.02
NODATA_value  -9999
[rows 217 to 247 of 550, columns 426 to 496 of 950]
-9999 -9999 -9999 -9999 -9999 2.32001E0 2.32001E0 1.69398E0 1.69398E0 2.26478E0 2.26478E0 3.167E0 8.65402E-1 1.69398E0 1.69398E0 1.69398E0 -9999 -9999 -9999 -9999 -9999 -9999 -9999 -9999 -9999 -9999 -9999 -9999 -9999 -9999 -9999 -9999 1.33861E1 1.33861E1 1.75658E1 1.75658E1 1.75658E1 1.75842E1 1.75842E1 2.1856E1 2.1856E1 2.20586E1 2.59252E1 2.60725E1 2.60725E1 2.68275E1 2.68275E1 2.51335E1 2.51335E1 2.15798E1 2.15798E1 2.42681E1 2.42681E1 1.97938E1 1.97938E1 1.57982E1 1.72896E1 1.47487E1 1.47487E1 1.55772E1 1.55772E1 1.55772E1 1.40122E1 1.51353E1 1.51353E1 1.67741E1 1.9757E1 1.9757E1 2.12852E1 2.12852E1 2.07144E1
-9999 -9999 -9999 -9999 6.05782E0 4.56638E0 2.22795E0 2.22795E0 2.94605E0 2.94605E0 3.167E0 2.83557E0 8.65402E-1 2.98288E0 1.2889E0 1.2889E0 -9999 -9999 -9999 -9999 -9999 -9999 -9999 -9999 -9999 -9999 -9999 -9999 -9999 -9999 -9999 -9999 -9999 -9999 -9999 -9999 -9999 7.84386E0 1.0035E1 1.87627E1 2.45995E1 2.59252E1 2.59252E1 2.60725E1 2.99577E1 2.97919E1 2.97919E1 2.82453E1 2.82453E1 2.82453E1 3.14675E1 2.75272E1 2.75272E1 2.75272E1 2.15798E1 2.15798E1 1.72896E1 1.72896E1 1.81182E1 1.81182E1 1.91309E1 1.91309E1 1.56141E1 1.56141E1 1.67741E1 1.67741E1 1.9757E1 1.96465E1 1.56141E1 1.56141E1 1.40674E1
-9999 -9999 -9999 -9999 4.56638E0 4.56638E0 5.00829E0 5.00829E0 5.37654E0 5.37654E0 1.17842E0 1.17842E0 1.17842E0 2.98288E0 1.2889E0 5.30289E0 5.30289E0 -9999 -9999 -9999 -9999 -9999 -9999 -9999 -9999 -9999 -9999 -9999 -9999 -9999 -9999 -9999 -9999 -9999 -9999 -9999 -9999 -9999 -9999 1.22629E1 1.68109E1 2.11195E1 2.59437E1 2.91291E1 3.31062E1 3.31062E1 3.37691E1 3.37691E1 3.32351E1 3.32351E1 3.14675E1 3.14675E1 3.38428E1 3.38428E1 2.91475E1 2.91475E1 2.13405E1 2.13405E1 1.81182E1 1.81182E1 2.02909E1 2.02909E1 2.02909E1 1.76211E1 1.90389E1 1.90389E1 1.57982E1 1.44725E1 1.44725E1 1.00718E1 1.17842E1
-9999 -9999 -9999 -9999 -9999 5.45019E0 5.45019E0 5.00829E0 5.37654E0 3.95876E0 3.95876E0 2.39367E0 2.39367E0 4.84257E0 5.3213E0 -9999 -9999 -9999 -9999 -9999 -9999 -9999 -9999 -9999 -9999 -9999 -9999 -9999 -9999 -9999 -9999 -9999 -9999 -9999 -9999 -9999 -9999 -9999 -9999 -9999 1.68109E1 2.91291E1 3.13018E1 3.13018E1 3.31062E1 3.43583E1 3.58866E1 3.58866E1 3.57024E1 3.57024E1 3.57024E1 3.57761E1 3.38428E1 3.38428E1 2.94237E1 2.48389E1 2.48389E1 1.93335E1 1.96833E1 1.24102E1 1.24102E1 1.27969E1 1.27969E1 1.51353E1 1.51353E1 1.57982E1 1.57982E1 1.44725E1 1.28153E1 1.02375E1 1.02375E1
-9999 -9999 -9999 -9999 -9999 -9999 -9999 7.88068E0 6.00258E0 5.46861E0 5.46861E0 3.46161E0 3.46161E0 3.46161E0 5.3213E0 -9999 6.86798E0 6.86798E0 -9999 -9999 -9999 -9999 -9999 -9999 -9999 -9999 -9999 -9999 -9999 -9999 -9999 -9999 -9999 -9999 -9999 -9999 -9999 -9999 -9999 -9999 1.44172E1 3.16148E1 3.16148E1 2.99577E1 2.99577E1 3.43583E1 3.43583E1 3.09704E1 3.09704E1 3.18726E1 3.18726E1 3.37691E1 3.37691E1 2.70484E1 2.70484E1 2.21874E1 2.21874E1 1.44725E1 1.44725E1 1.24102E1 1.24102E1 1.02744E1 1.02744E1 1.02744E1 1.2355E1 1.25944E1 1.25944E1 1.25944E1 1.28153E1 1.28153E1 1.27417E1
-9999 -9999 -9999 -9999 -9999 -9999 -9999 7.88068E0 6.00258E0 7.27306E0 3.38796E0 3.38796E0 2.63303E0 2.63303E0 5.30289E0 5.30289E0 6.86798E0 6.86798E0 -9999 -9999 -9999 -9999 -9999 -9999 -9999 -9999 -9999 -9999 -9999 -9999 -9999 -9999 -9999 -9999 -9999 -9999 -9999 -9999 -9999 -9999 1.22629E1 2.50783E1 3.38428E1 3.06758E1 3.06758E1 3.29037E1 3.38428E1 3.03443E1 3.03443E1 3.00865E1 3.00865E1 3.00865E1 2.94973E1 2.70484E1 2.70484E1 2.57964E1 2.21506E1 2.21506E1 1.65163E1 1.25575E1 1.25575E1 1.25575E1 1.02744E1 1.0974E1 1.45645E1 1.45645E1 1.26864E1 1.26864E1 1.11398E1 1.44541E1 1.43804E1
-9999 -9999 -9999 -9999 -9999 -9999 7.82545E0 7.82545E0 7.82545E0 7.27306E0 3.38796E0 3.75621E0 3.60891E0 3.60891E0 3.60891E0 5.06352E0 -9999 -9999 -9999 8.7645E0 -9999 -9999 -9999 -9999 -9999 -9999 -9999 -9999 -9999 -9999 -9999 -9999 -9999 -9999 -9999 -9999 -9999 -9999 -9999 -9999 -9999 1.22629E1 3.05837E1 3.68625E1 3.57761E1 3.57761E1 3.38428E1 3.03443E1 3.16148E1 3.16148E1 3.06758E1 3.06758E1 2.75272E1 2.75272E1 2.57964E1 2.57964E1 2.2924E1 2.2924E1 1.94071E1 1.94071E1 1.24471E1 1.24471E1 1.75658E1 1.75658E1 1.75658E1 1.81182E1 1.61849E1 1.61849E1 1.61849E1 1.44541E1 1.44541E1
-9999 -9999 -9999 -9999 -9999 -9999 -9999 8.08323E0 8.08323E0 6.00258E0 5.68956E0 5.48702E0 5.48702E0 4.03241E0 4.03241E0 5.11876E0 5.11876E0 8.24894E0 8.24894E0 -9999 -9999 -9999 -9999 -9999 -9999 -9999 -9999 -9999 -9999 -9999 -9999 -9999 -9999 -9999 -9999 -9999 -9999 -9999 -9999 -9999 -9999 -9999 1.11582E1 2.27214E1 4.01768E1 4.01768E1 3.38428E1 3.38428E1 3.16148E1 3.16148E1 3.16148E1 3.16148E1 3.16148E1 2.85767E1 2.40655E1 2.40655E1 2.68275E1 2.51335E1 2.51335E1 2.01068E1 1.71607E1 1.71607E1 1.71607E1 1.75658E1 1.78604E1 1.73633E1 1.73633E1 1.70871E1 1.70871E1 1.68661E1 1.68661E1
-9999 -9999 -9999 -9999 -9999 -9999 -9999 7.45719E0 7.45719E0 7.45719E0 5.68956E0 5.48702E0 5.96575E0 5.37654E0 5.37654E0 5.37654E0 5.06352E0 -9999 -9999 -9999 -9999 -9999 -9999 -9999 -9999 -9999 -9999 -9999 -9999 -9999 -9999 -9999 -9999 -9999 -9999 -9999 -9999 -9999 -9999 -9999 -9999 -9999 1.11582E1 1.96465E1 3.3898E1 3.95323E1 4.22206E1 3.82066E1 3.02707E1 3.67152E1 3.67152E1 3.27196E1 3.27196E1 3.03443E1 3.03443E1 2.68275E1 2.68275E1 2.51335E1 2.22795E1 1.96833E1 1.96833E1 1.91677E1 1.91677E1 1.78604E1 1.78604E1 1.78604E1 1.39385E1 1.15448E1 1.15448E1 1.27969E1 1.27969E1
-9999 -9999 -9999 -9999 -9999 -9999 -9999 -9999 -9999 7.91751E0 7.56767E0 7.56767E0 5.96575E0 5.96575E0 6.79433E0 6.79433E0 6.09464E0 6.09464E0 -9999 -9999 -9999 -9999 -9999 -9999 -9999 -9999 -9999 -9999 -9999 -9999 -9999 -9999 -9999 -9999 -9999 -9999 -9999 -9999 -9999 -9999 -9999 8.98545E0 1.44172E1 1.87627E1 3.29589E1 4.14657E1 4.14657E1 3.8851E1 3.8851E1 3.67152E1 3.67152E1 2.6183E1 2.6183E1 2.6183E1 2.62567E1 2.57964E1 2.57964E1 2.57964E1 2.22795E1 2.48389E1 2.14509E1 1.91309E1 1.91309E1 1.91309E1 1.70503E1 1.53379E1 1.24102E1 1.24102E1 1.07899E1 1.07899E1 1.00166E1
-9999 -9999 -9999 -9999 -9999 -9999 -9999 -9999 -9999 -9999 -9999 8.67244E0 7.80703E0 -9999 -9999 -9999 -9999 8.39624E0 -9999 -9999 -9999 -9999 -9999 -9999 -9999 -9999 -9999 -9999 -9999 -9999 -9999 -9999 -9999 -9999 -9999 -9999 -9999 -9999 -9999 -9999 -9999 2.11195E1 3.29589E1 4.03057E1 3.81329E1 3.81329E1 3.57761E1 3.57761E1 3.65863E1 3.14675E1 3.14675E1 3.14675E1 2.6183E1 2.45995E1 2.2924E1 2.2924E1 2.51335E1 2.51335E1 2.48389E1 1.79157E1 2.01436E1 2.01436E1 1.58718E1 1.58718E1 1.53379E1 1.53379E1 1.53379E1 1.25575E1 1.08267E1 1.08267E1 1.02744E1
-9999 -9999 -9999 -9999 -9999 -9999 -9999 -9999 -9999 -9999 -9999 -9999 -9999 -9999 -9999 -9999 -9999 -9999 -9999 -9999 -9999 -9999 -9999 -9999 -9999 -9999 -9999 -9999 -9999 -9999 -9999 -9999 -9999 -9999 -9999 -9999 -9999 -9999 1.98674E1 1.98674E1 2.82453E1 2.82453E1 3.81329E1 3.81329E1 3.81329E1 3.81329E1 2.94237E1 2.94237E1 2.85767E1 2.85767E1 2.77665E1 2.77665E1 1.97938E1 1.97938E1 1.97938E1 1.84128E1 1.73633E1 1.73633E1 1.73633E1 1.79157E1 1.1508E1 1.59087E1 1.33861E1 1.33861E1 1.33861E1 1.31652E1 1.31652E1 1.25575E1 1.25575E1 1.0127E1 1.0127E1
-9999 -9999 -9999 -9999 -9999 -9999 -9999 -9999 -9999 -9999 -9999 -9999 -9999 -9999 -9999 -9999 -9999 -9999 -9999 -9999 -9999 -9999 -9999 -9999 -9999 -9999 -9999 -9999 -9999 -9999 -9999 -9999 -9999 -9999 -9999 2.62567E1 2.27214E1 2.27214E1 1.98674E1 1.98674E1 2.77665E1 2.77665E1 2.77665E1 3.55736E1 3.0731E1 3.07494E1 3.07494E1 2.42681E1 2.42681E1 2.08617E1 2.10458E1 2.10458E1 2.10458E1 1.97938E1 1.1821E1 1.28153E1 1.28153E1 1.19683E1 1.19683E1 1.1508E1 1.1508E1 1.59087E1 1.57061E1 1.51353E1 1.51353E1 1.31652E1 1.31652E1 1.31652E1 1.38649E1 1.40122E1 1.40122E1
-9999 -9999 -9999 -9999 -9999 -9999 -9999 -9999 -9999 -9999 -9999 -9999 -9999 -9999 -9999 -9999 -9999 -9999 -9999 -9999 -9999 -9999 -9999 -9999 -9999 -9999 -9999 -9999 -9999 -9999 -9999 -9999 -9999 -9999 -9999 2.27214E1 2.27214E1 1.13607E1 1.13607E1 2.21138E1 2.21138E1 3.09704E1 3.09704E1 3.07494E1 3.07494E1 3.07494E1 3.07494E1 2.11747E1 2.11747E1 1.40674E1 1.40674E1 1.37912E1 1.37912E1 1.1821E1 1.1821E1 1.1821E1 1.07899E1 1.10109E1 1.10109E1 1.31652E1 1.31652E1 1.31652E1 1.43252E1 1.44725E1 1.44725E1 1.44725E1 1.32204E1 1.32204E1 1.38649E1 1.38649E1 1.32204E1
-9999 -9999 -9999 -9999 -9999 -9999 -9999 -9999 -9999 -9999 -9999 -9999 -9999 -9999 -9999 -9999 -9999 -9999 -9999 -9999 -9999 -9999 -9999 -9999 -9999 -9999 -9999 -9999 -9999 -9999 -9999 -9999 -9999 -9999 2.40655E1 1.87074E1 1.87074E1 1.43804E1 1.43804E1 2.21138E1 2.21138E1 2.935E1 2.935E1 2.935E1 2.36605E1 2.17087E1 2.17087E1 2.17087E1 2.11747E1 1.79157E1 1.14528E1 8.81974E0 8.81974E0 8.81974E0 9.72197E0 8.85656E0 1.04953E1 1.04953E1 1.13607E1 1.13607E1 1.31652E1 1.31652E1 1.43252E1 1.00718E1 1.05321E1 1.05321E1 5.72639E0 5.10035E0 6.3156E0 8.34101E0 1.26312E1
-9999 -9999 -9999 -9999 -9999 -9999 -9999 -9999 -9999 -9999 -9999 -9999 -9999 -9999 -9999 -9999 -9999 -9999 -9999 -9999 -9999 -9999 -9999 -9999 -9999 -9999 -9999 -9999 -9999 -9999 -9999 -9999 -9999 2.40655E1 1.94071E1 1.94071E1 1.69398E1 1.69398E1 2.05671E1 2.05671E1 2.76376E1 2.76376E1 2.935E1 2.91475E1 2.44338E1 2.44338E1 1.9002E1 1.9002E1 1.27969E1 1.27969E1 1.41779E1 1.41779E1 1.00718E1 1.00718E1 8.85656E0 8.85656E0 8.85656E0 8.26735E0 6.99687E0 6.99687E0 7.29147E0 8.08323E0 8.26735E0 1.00718E1 1.05321E1 9.13276E0 8.08323E0 5.10035E0 6.3156E0 6.72068E0 7.73338E0
-9999 -9999 -9999 -9999 -9999 -9999 -9999 -9999 -9999 -9999 -9999 -9999 -9999 -9999 -9999 -9999 -9999 -9999 -9999 -9999 -9999 -9999 -9999 -9999 -9999 -9999 -9999 -9999 -9999 -9999 -9999 -9999 2.41392E1 2.41392E1 1.94071E1 1.94071E1 1.57982E1 1.57982E1 2.02909E1 2.02909E1 2.85767E1 2.85767E1 2.40103E1 2.40103E1 2.40103E1 2.13405E1 1.33861E1 1.33861E1 1.33861E1 1.27969E1 1.08267E1 1.48039E1 1.67925E1 1.67925E1 1.67925E1 1.12871E1 1.12871E1 8.0464E0 6.3156E0 6.11305E0 6.66544E0 6.81274E0 6.99687E0 7.64132E0 6.99687E0 7.62291E0 6.66544E0 5.10035E0 5.57908E0 6.18671E0 6.66544E0
-9999 -9999 -9999 -9999 -9999 -9999 -9999 -9999 -9999 -9999 -9999 -9999 -9999 -9999 -9999 -9999 -9999 -9999 -9999 -9999 -9999 -9999 -9999 -9999 -9999 -9999 -9999 -9999 -9999 -9999 -9999 -9999 2.49862E1 2.07144E1 1.6369E1 1.6056E1 1.6056E1 1.74185E1 1.74185E1 2.25373E1 2.25373E1 2.91475E1 2.91475E1 2.40103E1 1.57061E1 2.02909E1 2.02909E1 1.1729E1 1.1729E1 1.08267E1 1.08267E1 1.48039E1 1.27969E1 1.44725E1 1.44725E1 9.39054E0 9.39054E0 7.73338E0 8.0464E0 8.6172E0 8.6172E0 8.00957E0 6.18671E0 6.66544E0 5.65273E0 6.66544E0 5.61591E0 5.30289E0 5.5975E0 6.66544E0 6.96004E0
-9999 -9999 -9999 -9999 -9999 -9999 -9999 -9999 -9999 -9999 -9999 -9999 -9999 -9999 -9999 -9999 -9999 -9999 -9999 -9999 -9999 -9999 -9999 -9999 -9999 -9999 -9999 -9999 -9999 -9999 -9999 -9999 2.48389E1 1.9757E1 1.9757E1 1.6056E1 1.6056E1 2.30713E1 2.30713E1 1.9002E1 1.9002E1 1.56141E1 1.56141E1 1.57061E1 1.57061E1 1.57061E1 1.61849E1 1.19683E1 1.19683E1 1.19683E1 1.10293E1 1.20236E1 1.16553E1 1.19131E1 1.19131E1 1.19131E1 9.13276E0 9.13276E0 8.0464E0 8.0464E0 8.9118E0 8.9118E0 4.49273E0 4.49273E0 4.01399E0 4.01399E0 5.61591E0 5.61591E0 8.0464E0 6.66544E0 6.3156E0
-9999 -9999 -9999 -9999 -9999 -9999 -9999 -9999 -9999 -9999 -9999 -9999 -9999 -9999 -9999 -9999 -9999 -9999 -9999 -9999 -9999 -9999 -9999 -9999 -9999 -9999 -9999 -9999 -9999 -9999 -9999 1.36439E1 2.36052E1 2.36605E1 2.19481E1 2.21138E1 2.21138E1 2.21138E1 2.30713E1 1.40122E1 1.02744E1 9.83244E0 9.83244E0 9.83244E0 1.12318E1 9.96133E0 1.25575E1 1.25575E1 1.12871E1 1.12871E1 1.20236E1 1.20236E1 1.16553E1 1.12134E1 1.27969E1 1.27969E1 1.08451E1 1.08451E1 1.08451E1 9.83244E0 8.9118E0 8.08323E0 2.26478E0 3.49844E0 6.37083E0 6.92322E0 8.08323E0 1.08083E1 1.08083E1 7.23624E0 7.88068E0
-9999 -9999 -9999 -9999 -9999 -9999 -9999 -9999 -9999 -9999 -9999 -9999 -9999 -9999 -9999 -9999 -9999 -9999 -9999 -9999 -9999 -9999 -9999 -9999 -9999 -9999 -9999 -9999 -9999 -9999 1.44172E1 2.57964E1 2.36605E1 1.73633E1 1.74922E1 1.74922E1 1.30363E1 1.30363E1 1.20236E1 1.20236E1 9.96133E0 9.96133E0 9.02228E0 9.02228E0 9.96133E0 9.96133E0 9.96133E0 9.51943E0 9.46419E0 9.46419E0 1.0035E1 1.0035E1 1.0035E1 1.12134E1 1.27969E1 1.1729E1 1.1729E1 1.16001E1 1.16001E1 1.00718E1 1.00718E1 7.54925E0 2.22795E0 4.12447E0 6.4629E0 8.45148E0 8.45148E0 1.08083E1 1.08083E1 8.81974E0 8.81974E0
-9999 -9999 -9999 -9999 -9999 -9999 -9999 -9999 -9999 -9999 -9999 -9999 -9999 -9999 -9999 -9999 -9999 -9999 -9999 -9999 -9999 -9999 -9999 -9999 -9999 -9999 -9999 -9999 -9999 -9999 2.46548E1 2.46548E1 1.17842E1 1.17842E1 1.17842E1 1.35518E1 1.13607E1 1.13607E1 1.13607E1 1.20236E1 1.2981E1 1.1821E1 1.11398E1 1.11398E1 1.11398E1 9.59308E0 9.59308E0 9.51943E0 9.51943E0 8.9118E0 8.9118E0 9.51943E0 9.51943E0 1.0127E1 1.12871E1 8.45148E0 8.45148E0 1.09556E1 1.09556E1 1.19131E1 1.19131E1 8.39624E0 8.39624E0 9.70355E0 9.70355E0 9.70355E0 1.13423E1 1.0127E1 1.0127E1 1.0127E1 8.81974E0
-9999 -9999 -9999 -9999 -9999 -9999 -9999 -9999 -9999 -9999 -9999 -9999 -9999 -9999 -9999 -9999 -9999 -9999 -9999 -9999 -9999 -9999 -9999 -9999 -9999 -9999 -9999 -9999 -9999 1.79893E1 1.79893E1 1.49696E1 1.49696E1 1.17842E1 1.51353E1 1.2355E1 1.2355E1 1.4896E1 1.4896E1 1.2981E1 1.2981E1 1.1821E1 8.70926E0 8.28577E0 8.28577E0 6.99687E0 5.56067E0 4.34542E0 5.91051E0 9.59308E0 9.59308E0 1.07899E1 1.07899E1 1.07899E1 1.12871E1 7.181E0 7.29147E0 7.29147E0 1.05321E1 1.05321E1 1.24471E1 1.24471E1 1.08451E1 1.08451E1 9.70355E0 1.09556E1 1.20052E1 1.20052E1 1.05874E1 1.05874E1 9.96133E0
-9999 -9999 -9999 -9999 -9999 -9999 -9999 -9999 -9999 -9999 -9999 -9999 -9999 -9999 -9999 -9999 -9999 -9999 -9999 -9999 -9999 -9999 -9999 -9999 -9999 -9999 -9999 1.71607E1 1.71607E1 1.71607E1 1.39753E1 1.33861E1 1.33861E1 1.51353E1 1.51353E1 1.43988E1 1.61296E1 1.19683E1 1.19683E1 1.19683E1 9.51943E0 7.43878E0 5.10035E0 1.02744E1 1.02744E1 1.02744E1 7.36513E0 1.85969E0 3.95876E0 5.91051E0 9.39054E0 9.39054E0 1.04217E1 1.04217E1 9.90609E0 2.08065E0 6.14988E0 7.29147E0 9.96133E0 9.96133E0 1.13975E1 1.13975E1 1.26864E1 1.26864E1 1.24102E1 1.24102E1 1.24102E1 1.13607E1 1.05874E1 1.05874E1 9.96133E0
-9999 -9999 -9999 -9999 -9999 -9999 -9999 -9999 -9999 -9999 -9999 -9999 -9999 -9999 -9999 -9999 -9999 -9999 -9999 -9999 -9999 -9999 -9999 -9999 -9999 -9999 2.46548E1 2.46548E1 1.71607E1 1.6369E1 1.24471E1 1.24471E1 1.58718E1 1.58718E1 1.43988E1 1.33309E1 1.13423E1 1.13423E1 9.28006E0 9.28006E0 8.67244E0 8.67244E0 7.49402E0 1.05321E1 1.2134E1 1.2134E1 8.02799E0 5.5975E0 4.93463E0 5.65273E0 9.39054E0 6.37083E0 7.62291E0 7.62291E0 4.93463E0 1.91493E0 3.84828E0 8.21212E0 8.21212E0 1.0348E1 1.0348E1 1.22813E1 1.36439E1 1.36439E1 1.36439E1 1.24102E1 1.24102E1 1.12871E1 1.12871E1 1.10109E1 1.10109E1
-9999 -9999 -9999 -9999 -9999 -9999 -9999 -9999 -9999 -9999 -9999 -9999 -9999 -9999 -9999 -9999 -9999 -9999 -9999 -9999 -9999 -9999 -9999 -9999 1.96833E1 1.96833E1 1.69398E1 1.69398E1 1.56141E1 1.56141E1 1.56141E1 1.85969E1 1.72896E1 1.72896E1 1.33309E1 1.33309E1 1.33309E1 1.1821E1 1.05321E1 1.05321E1 1.05321E1 1.06242E1 1.06242E1 1.05321E1 1.2134E1 1.39385E1 1.39385E1 8.45148E0 6.00258E0 7.73338E-1 3.95876E0 5.39495E0 6.37083E0 8.26735E0 5.21083E0 2.83557E0 3.60891E0 8.21212E0 8.21212E0 1.19683E1 1.19683E1 1.34045E1 1.34045E1 1.48776E1 1.48776E1 1.24102E1 1.24102E1 1.43252E1 1.22813E1 1.1508E1 1.1508E1
-9999 -9999 -9999 -9999 -9999 -9999 -9999 -9999 -9999 -9999 -9999 -9999 -9999 -9999 -9999 -9999 -9999 -9999 -9999 -9999 -9999 -9999 -9999 -9999 2.68275E1 1.84128E1 1.79893E1 1.79893E1 1.79893E1 1.56141E1 1.2355E1 1.44725E1 1.44725E1 1.87811E1 1.87811E1 1.41042E1 1.41042E1 1.1821E1 1.50433E1 1.48039E1 1.48039E1 1.37912E1 1.37912E1 1.25575E1 1.1508E1 1.45645E1 1.45645E1 5.61591E0 5.61591E0 3.07494E0 4.6032E0 6.02099E0 7.51243E0 6.99687E0 6.99687E0 5.57908E0 2.83557E0 7.73338E0 8.85656E0 8.85656E0 1.19683E1 1.02007E1 1.40122E1 1.75658E1 1.75658E1 1.75658E1 1.43252E1 1.6056E1 1.36439E1 1.36439E1 1.2981E1
-9999 -9999 -9999 -9999 -9999 -9999 -9999 -9999 -9999 -9999 -9999 -9999 -9999 -9999 -9999 -9999 -9999 -9999 -9999 -9999 -9999 -9999 -9999 7.84386E0 2.37525E1 1.91677E1 1.91677E1 1.50433E1 1.50433E1 1.2355E1 1.2355E1 1.2355E1 1.26864E1 1.77684E1 1.77684E1 1.54484E1 1.54484E1 1.54484E1 1.68661E1 1.77684E1 1.77684E1 1.77684E1 1.42331E1 1.42331E1 1.1508E1 1.45645E1 1.67741E1 1.48776E1 8.00957E0 8.00957E0 8.45148E0 8.45148E0 7.51243E0 7.51243E0 1.0035E1 1.0035E1 5.61591E0 5.61591E0 9.02228E0 9.02228E0 1.14528E1 1.14528E1 1.43804E1 1.43804E1 2.01436E1 2.01436E1 1.6056E1 1.6056E1 2.123E1 1.59087E1 1.36439E1
-9999 -9999 -9999 -9999 -9999 -9999 -9999 -9999 -9999 -9999 -9999 -9999 -9999 -9999 -9999 -9999 -9999 -9999 -9999 -9999 -9999 -9999 -9999 -9999 2.37525E1 1.55772E1 1.16001E1 9.96133E0 9.96133E0 9.96133E0 1.05321E1 1.00534E1 1.22077E1 1.22077E1 1.67741E1 1.67741E1 1.8155E1 1.8155E1 1.68661E1 1.79157E1 1.79893E1 1.79893E1 1.67741E1 1.67741E1 1.39385E1 1.39385E1 1.67741E1 1.67741E1 1.71607E1 1.71607E1 1.71607E1 1.22629E1 8.52513E0 1.0035E1 1.10293E1 1.10293E1 1.10293E1 1.12318E1 1.12871E1 1.12871E1 1.12871E1 1.14528E1 1.13423E1 1.34598E1 1.96465E1 1.96465E1 1.96465E1 2.123E1 2.123E1 1.59087E1 2.03462E1
-9999 -9999 -9999 -9999 -9999 -9999 -9999 -9999 -9999 -9999 -9999 -9999 -9999 -9999 -9999 -9999 -9999 -9999 -9999 -9999 -9999 -9999 1.99411E1 1.99411E1 1.55772E1 1.02007E1 8.21212E0 8.21212E0 8.34101E0 8.34101E0 1.00534E1 1.00534E1 1.00534E1 1.22813E1 1.57982E1 1.57982E1 1.91309E1 1.91309E1 1.91309E1 1.79157E1 1.79893E1 2.03462E1 2.03462E1 2.22795E1 2.22795E1 2.21138E1 2.08801E1 1.83576E1 1.18026E1 4.34542E0 4.43749E0 7.62291E0 7.62291E0 9.40895E0 9.40895E0 9.96133E0 9.96133E0 1.13423E1 1.13423E1 1.34598E1 1.34598E1 1.13423E1 1.13423E1 1.34598E1 1.24655E1 1.98674E1 1.98674E1 2.34948E1 2.34948E1 2.59252E1 2.14509E1
-9999 -9999 -9999 -9999 -9999 -9999 -9999 -9999 -9999 -9999 -9999 -9999 -9999 -9999 -9999 -9999 -9999 -9999 -9999 -9999 -9999 1.9757E1 1.30363E1 1.30363E1 1.30363E1 1.02007E1 9.02228E0 9.51943E0 9.46419E0 9.46419E0 9.46419E0 1.0974E1 1.0974E1 1.22813E1 1.22813E1 1.42331E1 1.42331E1 1.84865E1 1.84865E1 1.96833E1 2.0475E1 2.20586E1 2.20586E1 2.52992E1 2.52992E1 2.80611E1 2.80611E1 1.83576E1 1.56141E1 3.95876E0 6.18671E0 7.56767E0 8.6172E0 6.96004E0 8.23053E0 9.96133E0 9.96133E0 1.16001E1 1.30363E1 1.44725E1 1.44725E1 1.44725E1 1.22813E1 1.50433E1 1.67741E1 1.6056E1 1.6056E1 1.6056E1 2.59252E1 2.59252E1 2.14509E1
