Week 7/1_MaxEnt/output/Hippodamia_variegata_projection_novel.asc
ncols         950
nrows         550
xllcorner     -14.0
yllcorner     49.0
cellsize      0.02
NODATA_value  -9999
[rows 434 to 464 of 550, columns 568 to 638 of 950]
9.04253E1 9.33346E1 7.0429E1 5.99337E1 6.73725E1 7.57319E1 8.78107E1 7.67262E1 7.67262E1 6.86061E1 6.54391E1 6.28982E1 9.49181E1 9.43473E1 9.43473E1 9.40342E1 7.60818E1 4.93832E1 4.77444E1 4.93832E1 5.26607E1 5.76874E1 7.18468E1 7.32462E1 5.76874E1 5.26607E1 5.85159E1 6.04124E1 6.28982E1 6.4095E1 6.58258E1 6.58258E1 7.15706E1 7.24176E1 5.89026E1 5.89026E1 5.89026E1 6.24194E1 6.73725E1 6.93979E1 7.42221E1 6.89744E1 5.99337E1 5.89026E1 5.41521E1 5.23845E1 5.15743E1 5.23845E1 5.41521E1 5.89026E1 5.41521E1 5.41521E1 5.41521E1 5.15743E1 4.89044E1 5.15743E1 5.89026E1 5.41521E1 4.50009E1 5.41521E1 5.89026E1 5.41521E1 5.05432E1 5.05432E1 5.41521E1 5.89026E1 5.15743E1 4.96594E1 5.41521E1 5.15743E1 5.15743E1
3.80041E1 4.26257E1 5.89026E1 5.23845E1 5.89026E1 5.89026E1 5.99337E1 9.49181E1 9.63358E1 8.99098E1 6.67096E1 4.80759E1 5.89026E1 7.94697E1 9.63358E1 9.22482E1 5.76874E1 7.02081E1 8.07218E1 5.26607E1 5.45756E1 5.95286E1 6.86061E1 7.18468E1 7.47929E1 7.47929E1 7.297E1 6.73725E1 6.84036E1 6.84036E1 7.22887E1 7.22887E1 6.58811E1 4.96594E1 4.96594E1 5.23845E1 5.41521E1 5.89026E1 5.89026E1 4.89044E1 6.45922E1 7.22887E1 6.58811E1 6.10017E1 5.89026E1 5.41521E1 5.15743E1 5.89026E1 6.24194E1 5.89026E1 5.41521E1 5.41521E1 5.41521E1 5.89026E1 4.96594E1 4.96594E1 5.41521E1 6.52182E1 7.1902E1 7.49402E1 7.36329E1 6.58811E1 5.89026E1 5.89026E1 5.89026E1 5.89026E1 6.38556E1 5.89026E1 5.15743E1 6.10017E1 5.15743E1
3.52605E1 3.74701E1 4.30308E1 4.50009E1 4.74682E1 5.05432E1 5.89026E1 6.10017E1 6.1775E1 7.10182E1 6.58811E1 5.89026E1 5.99337E1 8.88234E1 9.28006E1 8.52329E1 6.54391E1 8.35942E1 8.35942E1 6.28982E1 5.85159E1 6.04124E1 7.75732E1 7.67446E1 6.58811E1 6.24194E1 4.15761E1 4.12079E1 4.33254E1 5.05432E1 5.89026E1 6.24194E1 5.89026E1 5.05432E1 5.89026E1 5.89026E1 5.41521E1 5.41521E1 5.89026E1 5.99337E1 6.89744E1 7.40748E1 7.44062E1 6.73725E1 6.1775E1 5.99337E1 5.15743E1 5.89026E1 6.58811E1 5.89026E1 5.89026E1 6.10017E1 6.33217E1 6.45922E1 5.89026E1 5.89026E1 5.99337E1 5.89026E1 5.89026E1 7.60818E1 7.53637E1 7.53637E1 7.36329E1 7.0429E1 7.36329E1 7.71497E1 8.01878E1 7.67446E1 7.71497E1 7.1902E1 6.58811E1
3.57209E1 3.68072E1 3.94955E1 4.10238E1 4.33254E1 4.50009E1 4.62714E1 5.05432E1 5.89026E1 6.89744E1 7.36329E1 7.89726E1 8.71847E1 9.43657E1 8.52329E1 8.52329E1 8.52329E1 8.63929E1 8.35942E1 8.35942E1 8.52329E1 8.63929E1 6.45922E1 4.45774E1 4.17971E1 4.15761E1 4.10238E1 4.45774E1 5.41521E1 5.89026E1 5.23845E1 5.99337E1 5.89026E1 6.10017E1 6.33217E1 6.24194E1 5.89026E1 5.89026E1 5.89026E1 6.45922E1 7.36329E1 7.44062E1 7.25097E1 7.25097E1 6.84036E1 6.33217E1 5.23845E1 5.99337E1 6.89744E1 5.89026E1 6.10017E1 6.84036E1 5.75953E1 6.58258E1 6.58258E1 6.58258E1 6.58258E1 7.0429E1 6.38556E1 5.23845E1 7.36329E1 7.53637E1 6.58258E1 5.75953E1 5.75953E1 5.75953E1 6.58258E1 6.58258E1 6.58258E1 6.58258E1 7.60818E1
6.10017E1 5.41521E1 4.12079E1 4.12079E1 4.12079E1 4.12079E1 4.17971E1 4.50009E1 4.89044E1 5.89026E1 5.23845E1 6.45922E1 7.49402E1 8.2784E1 9.1972E1 9.1972E1 7.67262E1 8.79948E1 8.79948E1 8.21764E1 8.09243E1 8.14767E1 7.24176E1 6.45922E1 5.41521E1 4.74682E1 4.74682E1 4.96594E1 5.23845E1 6.45922E1 7.0429E1 6.73725E1 6.67096E1 6.96557E1 7.49402E1 7.57319E1 7.297E1 7.24176E1 7.24176E1 7.59344E1 7.30436E1 7.30436E1 7.25097E1 7.25097E1 7.32462E1 6.58258E1 6.58258E1 7.3504E1 6.89744E1 5.89026E1 6.52182E1 6.58258E1 5.75953E1 5.75953E1 4.93648E1 4.93648E1 4.93648E1 4.93648E1 5.75953E1 6.58258E1 6.58258E1 6.58258E1 6.58258E1 5.75953E1 5.75953E1 5.75953E1 5.75953E1 6.58258E1 6.58258E1 7.10182E1 6.58811E1
7.23439E1 9.52127E1 5.41521E1 4.68238E1 4.23495E1 4.06003E1 4.06003E1 4.17971E1 4.38777E1 4.96594E1 5.41521E1 5.89026E1 6.38556E1 7.297E1 8.99098E1 9.05542E1 9.05542E1 8.38335E1 7.24176E1 5.89026E1 6.33217E1 7.0429E1 7.83281E1 7.62291E1 6.96557E1 6.67096E1 5.89026E1 4.96594E1 5.15743E1 6.33217E1 7.41852E1 6.52182E1 6.45922E1 6.73725E1 7.62291E1 7.70208E1 7.70208E1 7.72418E1 7.70208E1 7.67262E1 7.67262E1 7.47929E1 7.47929E1 7.22887E1 7.22887E1 6.58258E1 6.58258E1 6.58258E1 7.53637E1 6.58811E1 5.75953E1 5.75953E1 5.75953E1 5.75953E1 4.93648E1 4.93648E1 4.25888E1 4.25888E1 5.75953E1 6.58258E1 6.58258E1 6.58258E1 5.75953E1 4.25888E1 5.75953E1 6.58258E1 6.58258E1 6.58258E1 6.58258E1 6.24194E1 5.89026E1
5.76874E1 9.17695E1 8.15504E1 6.1775E1 4.45774E1 4.33254E1 4.30308E1 4.17971E1 4.21285E1 5.05432E1 5.89026E1 5.89026E1 5.89026E1 6.84036E1 7.94697E1 7.94697E1 7.67446E1 5.89026E1 5.89026E1 5.05432E1 5.89026E1 5.99337E1 7.24176E1 7.10182E1 7.94697E1 8.48647E1 7.94697E1 7.1902E1 6.1775E1 8.55828E1 6.10017E1 5.41521E1 5.89026E1 5.89026E1 6.58811E1 8.01878E1 7.72418E1 7.72418E1 7.70208E1 7.70208E1 7.56951E1 6.58258E1 6.58258E1 7.26201E1 5.89026E1 4.96594E1 7.42221E1 6.58258E1 6.58258E1 7.60818E1 7.60818E1 5.75953E1 5.75953E1 5.75953E1 4.93648E1 4.25888E1 4.25888E1 4.25888E1 5.75953E1 5.75953E1 4.93648E1 4.93648E1 4.25888E1 4.25888E1 5.75953E1 6.58258E1 6.58258E1 7.60818E1 7.60818E1 6.45922E1 6.38556E1
5.85159E1 6.86061E1 8.52329E1 9.49181E1 8.48647E1 7.57319E1 6.33217E1 4.89044E1 4.58111E1 5.89026E1 5.89026E1 5.89026E1 6.10017E1 6.73725E1 6.67096E1 5.41521E1 5.41521E1 5.23845E1 5.41521E1 5.15743E1 5.89026E1 6.58811E1 6.24194E1 4.89044E1 5.41521E1 5.99337E1 8.38335E1 8.2158E1 8.2158E1 8.44043E1 6.73725E1 8.32996E1 7.83281E1 6.73725E1 5.89026E1 8.2784E1 7.70208E1 7.70208E1 7.75732E1 7.75732E1 7.56951E1 6.58258E1 6.58258E1 6.58258E1 7.0429E1 7.51427E1 6.58258E1 6.58258E1 6.58258E1 6.58258E1 6.58258E1 5.75953E1 5.75953E1 5.75953E1 5.75953E1 4.25888E1 4.25888E1 4.25888E1 4.25888E1 3.64942E1 4.25888E1 4.25888E1 4.25888E1 4.25888E1 4.25888E1 4.25888E1 6.58258E1 4.93648E1 5.75953E1 5.75953E1 6.58258E1
8.52329E1 8.52329E1 8.52329E1 8.52329E1 8.52329E1 8.52329E1 9.00939E1 9.30215E1 8.65218E1 5.89026E1 5.89026E1 5.89026E1 5.99337E1 6.24194E1 4.26257E1 3.31062E1 3.23881E1 4.30308E1 5.41521E1 5.23845E1 5.89026E1 6.67096E1 5.05432E1 4.62714E1 4.80759E1 5.89026E1 5.89026E1 5.99337E1 7.94697E1 8.35942E1 8.35942E1 8.52329E1 8.55091E1 8.67059E1 8.67059E1 8.13294E1 7.92488E1 7.92488E1 7.92488E1 7.92488E1 7.47929E1 7.47929E1 7.60818E1 7.60818E1 6.58258E1 6.58258E1 6.58258E1 6.58258E1 6.58258E1 6.58258E1 5.75953E1 5.75953E1 4.93648E1 4.93648E1 5.75953E1 4.93648E1 4.93648E1 4.25888E1 4.25888E1 4.25888E1 4.25888E1 4.25888E1 4.25888E1 4.25888E1 4.25888E1 4.25888E1 5.75953E1 5.75953E1 5.75953E1 5.75953E1 5.75953E1
7.02081E1 7.18468E1 7.18468E1 7.18468E1 6.86061E1 6.86061E1 7.18468E1 8.52329E1 8.52329E1 8.32996E1 7.24176E1 6.52182E1 5.89026E1 5.41521E1 4.33254E1 3.52605E1 3.41558E1 4.54428E1 5.15743E1 5.89026E1 5.15743E1 5.05432E1 4.74682E1 4.80759E1 5.23845E1 5.41521E1 5.23845E1 5.41521E1 5.23845E1 5.05432E1 5.89026E1 4.80759E1 5.99337E1 6.84036E1 8.55091E1 7.60818E1 5.95286E1 8.16424E1 8.16424E1 8.03904E1 7.02081E1 7.18468E1 6.70042E1 5.75953E1 6.58258E1 6.58258E1 6.58258E1 6.58258E1 7.60818E1 6.96557E1 5.75953E1 5.75953E1 4.25888E1 4.25888E1 4.93648E1 4.25888E1 4.25888E1 3.64942E1 4.93648E1 4.93648E1 4.93648E1 5.75953E1 5.75953E1 4.93648E1 4.93648E1 4.93648E1 4.93648E1 5.75953E1 4.93648E1 6.58258E1 6.58258E1
5.85159E1 6.04124E1 6.17382E1 6.04124E1 6.4095E1 6.70042E1 6.86061E1 7.40011E1 8.52329E1 9.07568E1 8.43307E1 7.49402E1 6.10017E1 5.41521E1 5.89026E1 5.41521E1 4.68238E1 5.89026E1 5.23845E1 5.23845E1 5.15743E1 5.15743E1 4.96594E1 5.05432E1 5.89026E1 5.89026E1 5.99337E1 5.89026E1 5.89026E1 6.1775E1 5.89026E1 5.89026E1 5.89026E1 5.99337E1 5.99337E1 5.89026E1 7.60818E1 7.40011E1 7.92488E1 6.70042E1 7.60818E1 6.58258E1 5.76874E1 5.75953E1 5.75953E1 7.95434E1 7.95434E1 6.58258E1 6.58258E1 5.75953E1 4.93648E1 5.75953E1 4.25888E1 4.25888E1 4.25888E1 4.25888E1 4.25888E1 4.25888E1 4.93648E1 4.93648E1 4.93648E1 4.93648E1 4.93648E1 4.93648E1 4.93648E1 4.93648E1 4.93648E1 4.93648E1 4.93648E1 6.58258E1 4.93648E1
5.16848E1 5.36365E1 5.76874E1 6.17382E1 7.40011E1 8.81606E1 7.67262E1 8.81606E1 9.17695E1 9.47708E1 9.49181E1 8.99098E1 7.24176E1 6.33217E1 5.89026E1 6.45922E1 7.297E1 7.89726E1 7.77021E1 7.41852E1 7.0429E1 6.38556E1 5.41521E1 5.89026E1 5.89026E1 5.41521E1 6.33217E1 5.99337E1 7.0429E1 7.94697E1 8.78107E1 9.05542E1 7.60818E1 7.18468E1 6.70042E1 6.28982E1 5.95286E1 5.67483E1 5.36365E1 6.58258E1 6.58258E1 5.85159E1 5.26607E1 5.75953E1 5.75953E1 7.60818E1 7.60818E1 7.60818E1 7.60818E1 5.75953E1 5.75953E1 5.75953E1 5.75953E1 4.25888E1 4.25888E1 3.14675E1 3.64942E1 3.64942E1 4.93648E1 4.93648E1 4.93648E1 4.93648E1 5.75953E1 5.75953E1 3.64942E1 3.64942E1 3.64942E1 3.64942E1 3.64942E1 3.64942E1 3.64942E1
5.16848E1 5.45756E1 5.85159E1 6.17382E1 7.40011E1 8.81606E1 8.52329E1 9.07568E1 9.07568E1 9.07568E1 9.40711E1 9.72013E1 8.15504E1 8.15504E1 7.36329E1 8.01878E1 8.99098E1 9.41447E1 9.16958E1 8.88234E1 7.77021E1 6.67096E1 5.89026E1 5.89026E1 5.89026E1 5.23845E1 6.52182E1 7.24176E1 7.57319E1 8.01878E1 8.43307E1 8.88971E1 8.52882E1 7.94697E1 6.67096E1 7.60818E1 7.60818E1 8.55091E1 6.58258E1 6.58258E1 4.93832E1 4.70632E1 4.77444E1 5.75953E1 5.75953E1 7.60818E1 5.75953E1 5.75953E1 4.93648E1 4.93648E1 4.93648E1 5.75953E1 5.75953E1 4.25888E1 4.19628E1 3.64942E1 3.64942E1 5.75953E1 5.75953E1 5.75953E1 5.75953E1 5.75953E1 5.75953E1 5.75953E1 4.25888E1 4.25888E1 3.64942E1 3.64942E1 3.64942E1 3.64942E1 3.64942E1
5.08746E1 5.45756E1 5.85159E1 5.95286E1 6.17382E1 6.70042E1 7.67262E1 9.07568E1 9.07568E1 9.00939E1 7.40011E1 7.18468E1 8.52329E1 8.81606E1 9.07568E1 9.49181E1 9.2506E1 8.52329E1 8.52329E1 9.05542E1 7.83281E1 6.58811E1 5.89026E1 5.89026E1 5.41521E1 5.89026E1 6.45922E1 6.52182E1 6.58811E1 6.58811E1 6.58811E1 5.99337E1 5.41521E1 4.80759E1 5.05432E1 6.10017E1 8.62456E1 8.52329E1 6.58258E1 6.58258E1 5.75953E1 5.75953E1 4.62162E1 4.86467E1 6.58258E1 6.58258E1 5.75953E1 5.75953E1 4.25888E1 4.25888E1 3.64942E1 3.14675E1 3.14675E1 3.64942E1 3.14675E1 3.14675E1 4.25888E1 4.93648E1 4.93648E1 5.75953E1 5.75953E1 5.75953E1 5.75953E1 4.25888E1 4.25888E1 3.64942E1 3.64942E1 4.93648E1 6.58258E1 6.58258E1 5.75953E1
5.08746E1 5.36365E1 5.59565E1 5.45756E1 6.28982E1 9.26901E1 5.99337E1 6.84036E1 8.48647E1 9.30215E1 7.40011E1 6.70042E1 6.28982E1 6.54391E1 9.00939E1 7.40011E1 6.70042E1 8.52329E1 8.52329E1 9.11618E1 8.32996E1 5.99337E1 5.15743E1 5.41521E1 5.89026E1 6.10017E1 5.89026E1 5.41521E1 5.41521E1 5.89026E1 5.89026E1 6.96557E1 7.62291E1 7.83281E1 7.94697E1 7.1902E1 7.10182E1 6.52182E1 6.33217E1 6.58258E1 6.58258E1 7.60818E1 7.40011E1 4.09869E1 5.75953E1 5.75953E1 4.93648E1 6.58258E1 5.75953E1 5.75953E1 5.75953E1 5.75953E1 4.25888E1 4.25888E1 3.14675E1 3.14675E1 2.64224E1 3.64942E1 3.64942E1 3.64942E1 3.64942E1 3.14675E1 3.14675E1 4.25888E1 4.09869E1 2.64224E1 2.64224E1 3.64942E1 4.93648E1 4.93648E1 5.75953E1
5.02117E1 5.26607E1 5.59565E1 5.95286E1 8.15504E1 6.33217E1 4.74682E1 7.1902E1 8.55828E1 8.65218E1 9.00939E1 7.40011E1 6.17382E1 6.17382E1 8.52329E1 6.70042E1 6.86061E1 8.81606E1 8.81606E1 9.30215E1 9.38317E1 7.89726E1 5.05432E1 5.41521E1 5.89026E1 5.23845E1 4.89044E1 5.41521E1 5.89026E1 5.89026E1 5.89026E1 5.89026E1 6.38556E1 5.05432E1 5.89026E1 5.41521E1 5.99337E1 6.10017E1 7.71497E1 7.60818E1 7.60818E1 6.58258E1 6.58258E1 3.95323E1 4.25888E1 5.75953E1 5.75953E1 6.58258E1 6.58258E1 4.25888E1 4.25888E1 3.64942E1 3.64942E1 3.64942E1 3.14675E1 3.14675E1 2.64224E1 2.64224E1 2.64224E1 2.64224E1 2.64224E1 2.64224E1 2.64224E1 2.64224E1 1.90941E1 2.64224E1 2.64224E1 4.25888E1 4.25888E1 4.25888E1 4.25888E1
5.59565E1 5.76874E1 7.18468E1 8.57669E1 9.1972E1 8.65218E1 8.14767E1 9.04253E1 9.07568E1 9.07568E1 9.30215E1 9.17695E1 7.18468E1 5.95286E1 5.59565E1 5.67483E1 6.04124E1 6.70042E1 7.02081E1 7.40011E1 7.40011E1 9.70539E1 5.15743E1 5.89026E1 4.06003E1 3.29221E1 4.62714E1 5.89026E1 5.23845E1 4.96594E1 5.41521E1 5.89026E1 6.33217E1 6.58811E1 7.57319E1 8.55091E1 7.60818E1 7.60818E1 8.52329E1 7.60818E1 7.60818E1 6.58258E1 6.58258E1 3.66415E1 6.58258E1 6.58258E1 6.58258E1 4.93648E1 4.93648E1 4.25888E1 4.25888E1 3.14675E1 3.14675E1 3.14675E1 3.14675E1 3.14675E1 3.14675E1 1.90941E1 2.64224E1 2.64224E1 1.90941E1 1.90941E1 1.90941E1 1.90941E1 1.90941E1 1.90941E1 2.64224E1 2.64224E1 3.14675E1 3.64942E1 3.64942E1
6.28982E1 5.76874E1 7.67262E1 8.65218E1 8.65218E1 9.07568E1 9.7772E1 9.52127E1 9.30215E1 9.17695E1 9.17695E1 9.17695E1 8.52329E1 6.28982E1 5.36365E1 5.45756E1 5.67483E1 5.85159E1 5.95286E1 6.70042E1 7.40011E1 9.22482E1 5.89026E1 5.23845E1 4.30308E1 4.0453E1 5.89026E1 5.89026E1 5.89026E1 6.73725E1 7.77021E1 8.48647E1 8.43307E1 8.32996E1 8.55091E1 8.55091E1 6.58258E1 6.58258E1 6.58258E1 6.54391E1 6.58258E1 5.85159E1 4.46879E1 4.19628E1 6.58258E1 7.60818E1 7.60818E1 4.25888E1 4.25888E1 3.64942E1 4.93648E1 3.14675E1 3.14675E1 2.64224E1 2.64224E1 1.90941E1 1.90941E1 1.90941E1 2.64224E1 3.46897E1 2.64224E1 2.50783E1 2.04014E1 1.26312E1 1.90941E1 1.90941E1 2.64224E1 2.64224E1 3.14675E1 3.64942E1 3.64942E1
6.4095E1 6.28982E1 8.81606E1 8.52329E1 8.52329E1 8.52329E1 8.52329E1 8.52329E1 8.52329E1 8.81606E1 8.52329E1 9.00939E1 6.86061E1 5.95286E1 5.45756E1 5.26607E1 5.26607E1 5.26607E1 5.26607E1 6.54391E1 7.67262E1 8.55091E1 5.99337E1 4.96594E1 5.41521E1 5.89026E1 6.24194E1 6.58811E1 7.10182E1 8.55091E1 8.55091E1 8.52329E1 8.55091E1 8.55091E1 8.55091E1 8.55091E1 8.55091E1 6.58258E1 5.67483E1 4.86467E1 4.03057E1 3.79672E1 3.29589E1 4.62162E1 7.40011E1 7.60818E1 6.58258E1 6.58258E1 6.58258E1 6.58258E1 4.93648E1 4.93648E1 3.14675E1 2.64224E1 2.64224E1 1.90941E1 1.90941E1 1.90941E1 1.90941E1 2.59437E1 2.50783E1 1.90941E1 1.68109E1 1.26312E1 1.26312E1 1.26312E1 1.90941E1 1.90941E1 2.64224E1 2.64224E1 2.64224E1
6.54391E1 6.4095E1 6.86061E1 7.18468E1 8.81606E1 8.81606E1 8.81606E1 8.52329E1 7.67262E1 9.17695E1 6.70042E1 6.54391E1 5.95286E1 5.59565E1 5.26607E1 5.16848E1 5.08746E1 5.36365E1 4.86467E1 6.28982E1 8.55091E1 9.33161E1 7.67446E1 5.99337E1 7.77021E1 8.38335E1 8.43307E1 8.43307E1 8.55091E1 8.55091E1 8.55091E1 7.18468E1 6.4095E1 8.52329E1 7.40011E1 6.86061E1 7.60818E1 6.58258E1 5.59565E1 3.95323E1 3.3898E1 2.91291E1 3.29589E1 4.2865E1 5.75953E1 5.75953E1 6.58258E1 6.58258E1 6.58258E1 6.58258E1 4.93648E1 4.93648E1 3.14675E1 3.14675E1 2.64224E1 2.4397E1 1.87627E1 1.62033E1 1.51353E1 1.11582E1 1.26312E1 7.91751E0 7.91751E0 1.51353E1 1.96465E1 1.90941E1 1.90941E1 1.90941E1 1.90941E1 1.90941E1 2.64224E1
7.40011E1 8.52329E1 6.86061E1 7.40011E1 8.52329E1 8.52329E1 8.52329E1 7.18468E1 7.18468E1 7.02081E1 7.02081E1 6.86061E1 6.04124E1 5.67483E1 5.76874E1 8.52329E1 9.36476E1 9.2506E1 6.04124E1 4.86467E1 6.86061E1 9.17695E1 9.33161E1 8.78107E1 9.30952E1 9.30952E1 9.30952E1 9.30952E1 7.60818E1 7.60818E1 7.60818E1 7.02081E1 6.58258E1 5.95286E1 7.18468E1 5.67483E1 5.76874E1 5.59565E1 5.02117E1 3.79672E1 3.15043E1 2.7656E1 3.29589E1 3.79672E1 5.75953E1 5.75953E1 6.58258E1 5.75953E1 4.25888E1 4.25888E1 4.25888E1 3.64942E1 3.64942E1 2.64224E1 1.90941E1 1.90941E1 1.87627E1 1.62033E1 1.22629E1 7.84386E0 -9999 7.84386E0 -9999 7.91751E0 1.62033E1 1.82839E1 1.62033E1 1.26312E1 1.26312E1 1.90941E1 1.90941E1
9.49181E1 9.32793E1 9.22482E1 9.22482E1 8.52329E1 8.81606E1 8.81606E1 8.52329E1 8.52329E1 9.5047E1 9.30215E1 8.52329E1 7.02081E1 6.70042E1 9.30952E1 9.04253E1 7.1902E1 4.45774E1 4.50009E1 4.89044E1 8.55091E1 4.53508E1 8.52329E1 8.52329E1 7.18468E1 8.55091E1 8.55091E1 7.60818E1 7.60818E1 6.70042E1 4.70632E1 3.87037E1 4.53508E1 5.26607E1 6.70042E1 5.59565E1 4.09869E1 3.95323E1 3.79672E1 3.29589E1 2.7656E1 2.7656E1 3.46897E1 4.62162E1 5.75953E1 6.58258E1 6.58258E1 4.93648E1 4.93648E1 4.25888E1 4.25888E1 4.25888E1 4.09869E1 2.64224E1 1.90941E1 1.90941E1 1.90941E1 1.68109E1 1.36439E1 8.98545E0 7.84386E0 -9999 -9999 -9999 8.98545E0 8.98545E0 1.11582E1 1.26312E1 1.26312E1 1.26312E1 1.68109E1
7.10182E1 6.84036E1 5.99337E1 7.49402E1 8.2784E1 7.94697E1 7.36329E1 7.49402E1 8.09243E1 8.01878E1 9.14933E1 9.00939E1 9.60228E1 9.45682E1 6.84036E1 5.89026E1 5.89026E1 4.54428E1 4.74682E1 6.73725E1 8.48647E1 8.81606E1 4.70632E1 4.93832E1 6.54391E1 7.60818E1 5.76874E1 6.86061E1 8.55091E1 5.76874E1 3.66415E1 3.46897E1 3.71755E1 4.19628E1 4.86467E1 4.53508E1 3.5371E1 3.15043E1 3.05837E1 2.83005E1 2.50783E1 2.59437E1 3.3898E1 4.70632E1 5.75953E1 5.75953E1 6.58258E1 4.25888E1 4.25888E1 4.25888E1 4.25888E1 3.64942E1 3.59971E1 2.64224E1 2.4397E1 1.90941E1 1.82839E1 1.26312E1 1.26312E1 1.0035E1 -9999 -9999 7.84386E0 -9999 -9999 8.98545E0 8.98545E0 1.11582E1 1.36439E1 1.36439E1 1.44172E1
5.15743E1 5.89026E1 5.05432E1 5.89026E1 5.89026E1 5.41521E1 4.80759E1 5.05432E1 5.89026E1 5.89026E1 6.58811E1 7.41852E1 7.41852E1 6.96557E1 5.23845E1 5.41521E1 5.41521E1 5.05432E1 5.89026E1 7.83281E1 8.99098E1 9.40711E1 5.26607E1 5.08746E1 4.86467E1 7.60818E1 4.62162E1 5.45756E1 6.4095E1 4.86467E1 3.05837E1 2.99392E1 3.05837E1 3.22224E1 3.59971E1 3.5371E1 2.91291E1 2.50783E1 2.36052E1 2.36052E1 2.20586E1 2.27214E1 2.99392E1 4.2865E1 5.75953E1 5.75953E1 5.75953E1 5.75953E1 4.25888E1 3.64942E1 3.14675E1 3.14675E1 2.64224E1 2.59437E1 2.11195E1 1.82839E1 1.62033E1 1.26312E1 1.22629E1 8.98545E0 8.98545E0 7.84386E0 7.84386E0 -9999 -9999 -9999 7.84386E0 7.84386E0 1.0035E1 1.22629E1 1.22629E1
5.89026E1 5.89026E1 5.89026E1 5.41521E1 5.23845E1 5.23845E1 5.23845E1 5.89026E1 5.89026E1 5.89026E1 5.89026E1 4.80759E1 4.96594E1 5.15743E1 5.99337E1 5.89026E1 5.15743E1 5.99337E1 4.96594E1 9.7367E1 9.30952E1 9.30952E1 7.60818E1 7.02081E1 4.86467E1 3.66415E1 3.46897E1 3.59971E1 3.79672E1 3.59971E1 2.99392E1 2.59437E1 2.50783E1 2.4397E1 2.36052E1 2.27214E1 1.68109E1 1.68109E1 1.68109E1 1.68109E1 1.68109E1 1.82839E1 2.27214E1 2.99392E1 4.53508E1 4.93648E1 4.93648E1 4.25888E1 4.25888E1 4.19628E1 3.14675E1 2.91291E1 2.27214E1 1.87627E1 1.68109E1 1.44172E1 1.22629E1 1.11582E1 -9999 -9999 8.98545E0 7.84386E0 7.84386E0 7.84386E0 7.84386E0 -9999 -9999 -9999 -9999 -9999 7.84386E0
5.41521E1 5.89026E1 6.10017E1 5.89026E1 5.89026E1 5.89026E1 5.89026E1 5.89026E1 5.41521E1 5.89026E1 6.10017E1 5.89026E1 6.10017E1 5.89026E1 6.45922E1 6.45922E1 5.99337E1 7.1902E1 7.1902E1 8.55091E1 8.55091E1 8.55091E1 8.55091E1 7.60818E1 5.85159E1 3.95323E1 3.22224E1 2.91291E1 2.83005E1 2.7656E1 2.67722E1 2.36052E1 2.27214E1 2.20586E1 2.04014E1 1.87627E1 1.51353E1 1.44172E1 1.31468E1 1.36439E1 1.36439E1 1.51353E1 1.75842E1 2.11195E1 3.15043E1 4.09869E1 4.93648E1 4.93648E1 4.25888E1 4.25888E1 3.14675E1 2.7656E1 2.04014E1 1.44172E1 1.36439E1 1.31468E1 1.11582E1 1.0035E1 -9999 -9999 7.84386E0 7.84386E0 7.84386E0 7.84386E0 7.84386E0 -9999 -9999 -9999 -9999 -9999 -9999
5.89026E1 5.89026E1 6.58811E1 6.45922E1 5.23845E1 5.89026E1 5.89026E1 6.73725E1 6.67096E1 6.89744E1 7.41852E1 7.94697E1 8.2784E1 8.32996E1 8.55828E1 9.20641E1 9.7367E1 8.52329E1 9.30952E1 8.52329E1 5.59565E1 4.62162E1 4.2865E1 5.16848E1 3.66415E1 3.59971E1 3.22224E1 2.91291E1 2.50783E1 2.20586E1 2.20586E1 2.7656E1 3.87037E1 4.03057E1 2.20586E1 1.75842E1 1.44172E1 1.22629E1 1.11582E1 8.98545E0 8.98545E0 8.98545E0 1.22629E1 1.31468E1 2.11195E1 3.71755E1 4.93648E1 4.25888E1 4.25888E1 3.64942E1 3.05837E1 2.04014E1 1.68109E1 1.31468E1 1.0035E1 8.98545E0 7.84386E0 7.84386E0 7.84386E0 7.84386E0 -9999 -9999 -9999 -9999 -9999 -9999 -9999 -9999 -9999 -9999 -9999
5.89026E1 5.89026E1 5.89026E1 7.10182E1 7.0429E1 6.58811E1 5.41521E1 8.09243E1 7.94697E1 8.14767E1 8.78107E1 9.30952E1 9.30952E1 9.30952E1 9.30952E1 8.55091E1 6.4095E1 6.70042E1 7.18468E1 5.76874E1 5.02117E1 4.70632E1 4.19628E1 4.09869E1 3.79672E1 3.66415E1 3.15043E1 2.67722E1 2.27214E1 1.87627E1 1.87627E1 2.83005E1 4.62162E1 4.93832E1 2.91291E1 2.11195E1 1.44172E1 1.11582E1 8.98545E0 7.84386E0 7.84386E0 7.84386E0 8.98545E0 8.98545E0 1.82839E1 3.64942E1 4.93648E1 4.93648E1 4.25888E1 3.05837E1 2.04014E1 1.36439E1 1.31468E1 1.11582E1 7.84386E0 7.84386E0 7.84386E0 7.84386E0 -9999 -9999 -9999 -9999 -9999 -9999 -9999 -9999 -9999 -9999 -9999 -9999 -9999
4.45774E1 5.15743E1 5.41521E1 5.89026E1 7.57319E1 8.32996E1 8.88234E1 8.99098E1 9.20641E1 9.30952E1 9.30952E1 8.55091E1 8.55091E1 9.00939E1 8.81606E1 6.28982E1 5.45756E1 5.08746E1 5.36365E1 5.02117E1 4.77444E1 4.62162E1 4.53508E1 4.2865E1 3.87037E1 3.59971E1 2.7656E1 2.11195E1 1.75842E1 1.36439E1 1.31468E1 1.51353E1 2.7656E1 3.22224E1 2.4397E1 1.87627E1 1.31468E1 1.0035E1 7.84386E0 7.84386E0 7.84386E0 7.84386E0 7.84386E0 7.84386E0 1.11582E1 2.67722E1 3.64942E1 3.64942E1 3.64942E1 1.51353E1 1.0035E1 7.84386E0 7.84386E0 8.98545E0 -9999 -9999 -9999 -9999 -9999 -9999 -9999 -9999 -9999 -9999 8.98545E0 8.98545E0 7.84386E0 7.84386E0 -9999 7.84386E0 -9999
6.1775E1 5.23845E1 5.89026E1 5.89026E1 6.24194E1 7.36329E1 8.78107E1 9.30952E1 8.81606E1 7.18468E1 8.52329E1 7.18468E1 8.52329E1 6.17382E1 5.75953E1 5.67483E1 5.36365E1 5.02117E1 4.86467E1 4.62162E1 4.46879E1 4.2865E1 4.38409E1 4.2865E1 3.59971E1 3.15043E1 2.04014E1 1.22629E1 7.84386E0 -9999 7.84386E0 7.84386E0 7.84386E0 7.84386E0 1.11582E1 1.0035E1 7.84386E0 -9999 -9999 -9999 -9999 -9999 -9999 7.84386E0 -9999 -9999 -9999 -9999 -9999 -9999 -9999 -9999 -9999 -9999 -9999 -9999 -9999 -9999 -9999 -9999 -9999 1.26312E1 1.26312E1 1.87627E1 1.90941E1 1.87627E1 1.36439E1 1.26312E1 1.36439E1 7.84386E0 -9999
7.60818E1 5.99337E1 5.23845E1 5.89026E1 5.89026E1 6.73725E1 8.71847E1 8.52329E1 7.40011E1 7.02081E1 6.58258E1 6.58258E1 5.75953E1 5.75953E1 5.75953E1 5.59565E1 4.93648E1 4.93648E1 4.77444E1 4.53508E1 4.46879E1 4.2865E1 4.09869E1 3.95323E1 3.3898E1 2.7656E1 1.75842E1 7.84386E0 -9999 -9999 -9999 -9999 -9999 -9999 -9999 7.84386E0 -9999 -9999 -9999 -9999 -9999 -9999 -9999 -9999 -9999 -9999 -9999 -9999 -9999 -9999 -9999 -9999 -9999 -9999 -9999 7.84386E0 -9999 1.26312E1 1.90941E1 1.90941E1 1.26312E1 1.26312E1 1.26312E1 2.64224E1 2.64224E1 1.26312E1 1.26312E1 1.90941E1 1.90941E1 1.31468E1 1.22629E1
