Week 7/1_MaxEnt/output/Hippodamia_variegata.asc
ncols         950
nrows         550
xllcorner     -14.0
yllcorner     49.0
cellsize      0.02
NODATA_value  -9999
[rows 124 to 154 of 550, columns 483 to 551 of 950]
-9999 -9999 -9999 1.38131E-1 9.90106E-2 -9999 -9999 -9999 -9999 2.46393E-1 1.77313E-1 1.55154E-1 5.66878E-2 5.49472E-2 5.39621E-2 5.45364E-2 3.56708E-2 3.04239E-2 2.33014E-2 2.30287E-2 4.66912E-2 4.61261E-2 4.68811E-2 2.98975E-2 2.96619E-2 2.3308E-2 2.3308E-2 2.4456E-2 2.4265E-2 2.20878E-2 2.25256E-2 1.57418E-2 1.67531E-2 2.51121E-2 2.17498E-2 1.91801E-2 8.40461E-3 6.65944E-3 3.78044E-3 3.76637E-3 1.24491E-3 1.24491E-3 3.7748E-3 3.97711E-3 3.84585E-3 4.06522E-3 3.33265E-3 3.35761E-3 3.27107E-3 2.90838E-3 4.40656E-3 4.14068E-3 3.94236E-3 1.12904E-2 1.59751E-2 4.25557E-2 4.93614E-2 6.16737E-2 1.81942E-2 7.20757E-3 7.0697E-3 6.49364E-3 2.81391E-3 2.78259E-3 1.47423E-2 1.74245E-2 2.26381E-2 2.44541E-2 1.92018E-2
-9999 -9999 5.61764E-2 1.7138E-1 1.7676E-1 -9999 -9999 1.41135E-1 9.9254E-2 8.66415E-2 3.88477E-2 3.50292E-2 3.45004E-2 3.67455E-2 4.80206E-2 3.83606E-2 2.06404E-3 4.48318E-3 4.3677E-3 3.8363E-3 3.69758E-3 4.60774E-3 5.0202E-3 9.89391E-3 5.41714E-3 7.94252E-3 8.34627E-3 1.72743E-2 1.86711E-2 1.80292E-2 2.34234E-2 2.27888E-2 1.58032E-2 7.36736E-3 6.96137E-3 6.78227E-3 6.7817E-3 5.4905E-3 1.60461E-3 1.46503E-3 1.045E-3 1.03047E-3 1.06345E-3 1.22506E-3 1.38209E-3 5.4963E-3 5.73506E-3 1.09373E-2 1.09373E-2 1.84044E-2 1.98843E-2 1.97232E-2 1.22585E-2 3.35961E-2 4.24303E-2 4.94746E-2 6.36719E-2 6.06974E-2 4.46901E-2 3.96949E-2 7.98204E-3 5.8826E-3 7.76066E-3 7.82301E-3 9.0346E-3 1.17071E-2 1.75907E-2 1.97953E-2 1.4363E-2
5.2526E-3 4.81227E-3 4.80674E-2 7.27832E-2 1.50989E-1 1.4039E-1 1.27217E-1 1.08707E-1 7.12974E-2 1.1602E-2 1.04564E-2 1.75253E-2 1.78066E-2 4.59912E-3 4.06441E-3 1.59869E-3 1.44944E-3 4.31391E-4 3.99289E-4 7.10919E-4 7.23307E-4 1.16372E-3 1.25373E-3 1.35069E-3 4.03567E-3 4.2068E-3 6.99596E-3 9.38162E-3 1.16479E-2 1.0671E-2 7.79377E-3 7.70616E-3 7.15117E-3 5.34808E-3 5.36355E-3 4.54589E-3 4.52898E-3 2.19298E-3 1.87617E-3 5.06399E-4 4.23747E-4 6.61082E-4 4.00812E-4 6.11873E-4 8.41493E-4 5.55735E-3 6.36235E-3 2.9117E-2 3.16009E-2 3.34625E-2 2.81955E-2 3.68805E-2 4.61468E-2 5.71133E-2 3.14343E-2 3.09459E-2 1.74528E-2 1.50538E-2 1.48212E-2 3.71616E-2 8.58952E-3 5.42404E-3 5.28094E-3 5.30249E-3 5.38513E-3 7.06866E-3 7.12481E-3 8.61336E-3 9.98657E-3
3.7159E-3 5.19878E-3 6.00821E-2 4.93977E-2 2.81361E-2 2.25819E-2 1.25215E-2 1.12701E-2 1.10093E-2 9.97792E-3 1.06209E-2 2.83255E-3 1.82371E-3 5.1176E-4 4.40483E-4 1.1748E-4 1.16366E-4 1.13087E-4 8.81809E-5 9.22504E-5 2.34998E-4 2.96362E-4 1.35235E-3 1.39179E-3 1.28438E-3 1.54454E-3 8.03948E-3 8.03948E-3 2.88479E-3 2.52582E-3 2.44547E-3 3.12362E-3 3.56657E-3 2.56244E-3 2.49082E-3 1.68209E-3 1.71827E-3 1.20235E-3 1.02925E-3 3.07382E-4 2.90305E-4 3.93947E-4 4.29492E-4 4.73123E-4 8.39882E-4 9.5271E-4 6.95305E-3 1.1024E-2 3.47044E-2 3.48448E-2 3.84154E-2 3.95269E-2 4.44723E-2 7.20385E-3 1.58863E-2 1.72556E-2 1.39493E-2 2.59047E-3 2.49674E-3 1.41074E-2 7.37164E-3 1.16672E-2 9.94416E-3 2.52091E-3 2.4297E-3 3.16972E-3 3.15777E-3 7.76253E-3 9.90706E-3
3.77953E-2 3.33875E-2 2.68941E-2 3.56932E-2 6.41466E-3 4.75221E-3 4.50468E-3 3.22468E-3 3.32237E-3 6.52236E-3 1.98765E-3 1.85814E-3 1.3529E-3 1.13184E-3 2.32911E-4 1.95375E-4 1.32661E-4 1.20899E-4 7.67705E-5 9.07759E-5 2.72468E-4 1.84302E-3 6.77699E-4 6.82398E-4 7.3375E-4 1.84463E-3 2.02771E-3 2.33427E-3 2.02183E-3 1.12176E-3 1.14157E-3 2.82383E-3 2.86576E-3 2.79836E-3 2.43703E-3 1.58929E-3 1.34285E-3 1.20301E-3 2.85954E-4 2.4878E-4 6.22012E-4 6.51378E-4 8.35768E-4 9.4473E-4 1.05452E-3 1.15098E-3 1.98857E-2 2.92443E-2 3.21992E-2 3.00592E-2 2.5874E-2 8.94644E-3 2.98437E-4 1.54542E-4 1.87577E-4 1.65767E-3 1.62892E-3 3.35081E-3 3.50813E-3 6.23201E-3 6.4008E-3 1.23379E-2 2.54926E-3 2.26082E-3 1.12982E-3 1.13383E-3 4.74301E-3 4.85571E-3 1.29946E-2
1.91702E-2 3.32792E-2 2.44439E-2 3.13305E-3 3.00399E-3 2.84739E-3 4.01589E-3 4.78736E-3 4.6595E-3 3.99155E-3 1.20544E-3 1.16343E-3 1.88261E-3 1.61852E-3 1.25959E-3 3.3776E-4 1.65369E-4 1.48721E-4 1.47249E-4 1.66506E-4 1.72876E-4 7.95019E-5 8.37125E-5 4.14091E-4 4.72196E-4 1.1517E-3 1.28103E-3 2.06588E-3 1.95048E-3 1.68348E-3 1.73881E-3 1.73881E-3 1.20973E-3 1.22701E-3 9.95431E-4 9.71966E-4 1.31457E-3 1.16108E-3 2.91501E-4 2.71895E-4 6.47813E-4 7.69971E-4 2.82072E-3 3.29829E-3 3.89886E-3 9.55659E-3 8.589E-3 8.77815E-3 9.68963E-3 7.15844E-3 6.28719E-3 2.91971E-4 1.60618E-4 8.0594E-5 5.43187E-5 1.56535E-3 2.65702E-3 3.43519E-3 2.4114E-3 1.92587E-3 2.88195E-3 3.23997E-3 2.24443E-3 2.22815E-3 1.03278E-3 1.04754E-3 3.24719E-3 3.46252E-3 1.57181E-3
5.44059E-3 2.68559E-3 2.41599E-3 2.25712E-3 2.62764E-3 2.68635E-3 4.41878E-3 3.94985E-3 7.00894E-4 5.56052E-4 3.70937E-4 3.78814E-4 5.62722E-4 1.75526E-3 1.77711E-4 5.22608E-4 4.82682E-4 4.93768E-4 5.07987E-4 1.2802E-4 1.151E-4 7.14879E-5 5.74262E-5 2.76081E-4 3.33016E-4 3.5773E-4 8.41641E-4 9.78393E-4 1.34728E-3 1.35687E-3 1.69562E-3 9.23452E-4 1.38181E-3 1.38678E-3 7.99935E-4 7.89104E-4 8.63398E-4 3.43456E-3 2.93647E-3 1.48486E-3 1.80529E-3 4.35576E-3 6.87349E-3 8.16824E-3 7.63898E-3 6.80567E-3 5.09137E-3 5.41971E-3 7.46872E-3 1.28385E-3 1.17627E-3 2.36058E-4 1.83005E-4 1.9331E-4 1.8282E-4 2.43953E-4 6.84464E-4 6.84464E-4 6.29354E-4 5.22744E-4 5.86616E-4 6.83858E-4 1.11014E-3 2.38804E-3 2.96336E-3 2.97457E-3 3.05428E-3 9.6025E-4 7.13061E-4
2.30975E-3 2.13145E-3 1.38416E-3 1.31858E-3 2.21354E-3 2.54462E-3 2.63485E-3 8.35309E-4 1.86144E-4 1.26153E-4 1.12882E-4 6.65556E-5 6.99204E-5 2.09487E-4 3.56551E-4 3.24092E-4 1.32883E-3 9.64476E-4 9.37485E-4 6.08081E-4 9.33336E-5 8.84984E-5 5.07054E-5 5.60483E-5 9.06074E-5 9.52593E-5 4.47422E-4 5.57873E-4 1.12595E-3 1.20987E-3 8.65989E-4 8.65989E-4 8.69026E-4 9.1299E-4 8.88434E-4 2.16396E-3 2.22955E-3 3.82688E-3 3.9575E-3 2.90417E-3 1.34876E-2 4.34011E-3 3.99197E-3 3.6826E-3 2.8666E-3 4.18525E-4 3.71455E-4 5.4414E-4 7.29559E-3 5.29382E-3 3.55116E-3 3.48392E-3 1.28211E-3 1.15677E-3 1.76713E-3 2.07355E-4 1.70518E-4 1.33048E-4 1.48899E-4 1.48427E-4 1.49373E-4 3.34625E-4 4.72153E-4 2.31779E-3 2.36145E-3 1.51159E-3 1.50076E-3 4.89513E-4 4.37617E-4
1.12427E-3 8.02894E-4 6.31429E-4 6.24656E-4 6.38277E-4 7.07512E-4 7.16094E-4 3.09906E-4 2.16657E-4 6.05005E-5 5.72351E-5 4.69274E-5 4.29727E-5 4.53862E-5 2.08774E-4 1.56541E-4 8.5953E-4 8.23701E-4 7.72644E-4 5.04715E-4 6.04992E-5 5.71083E-5 3.88082E-5 2.87534E-5 9.01335E-5 1.2599E-4 1.52707E-4 5.00747E-4 5.70022E-4 6.27087E-4 6.38015E-4 8.65989E-4 1.3863E-3 2.07456E-3 2.01428E-3 3.01472E-3 3.44803E-3 7.78169E-3 8.62578E-3 1.26722E-2 1.04675E-2 8.18466E-3 1.35426E-3 1.03065E-3 2.81574E-4 2.81574E-4 1.21945E-3 1.97835E-3 1.70906E-3 1.85154E-3 2.38481E-3 2.29242E-3 1.21844E-3 1.09543E-3 7.23267E-4 1.03434E-4 9.61485E-5 3.63068E-5 4.29225E-5 1.50587E-4 1.69679E-4 2.6974E-4 2.44543E-4 8.7539E-4 1.42591E-3 1.36198E-3 1.20532E-3 9.40879E-4 8.32603E-4
1.06102E-3 1.05401E-3 1.05401E-3 9.71616E-4 1.0747E-3 7.23757E-4 5.84962E-4 4.04428E-4 7.27044E-5 1.06681E-4 1.0564E-4 1.03588E-4 5.16497E-5 4.96209E-5 9.25778E-5 1.36725E-4 1.72987E-4 4.9765E-4 1.91556E-4 1.418E-4 1.36792E-4 5.90835E-5 5.2715E-5 3.15923E-5 3.41041E-5 5.31693E-4 6.76164E-4 1.05653E-3 1.09857E-3 2.31187E-3 2.37229E-3 1.41612E-3 1.36677E-3 2.02918E-3 5.72557E-3 6.78679E-3 8.11038E-3 8.65364E-3 8.54459E-3 7.32142E-3 5.01788E-3 6.03575E-4 1.48908E-4 1.29223E-4 5.18039E-4 7.80475E-4 2.63156E-3 2.24224E-3 1.85564E-3 1.51561E-3 2.18118E-3 2.95046E-3 2.8744E-3 4.0632E-4 2.54587E-4 7.27993E-5 6.91408E-5 3.99511E-5 3.72968E-5 1.3232E-4 1.80269E-4 1.76817E-4 1.90437E-4 1.24208E-3 1.75118E-3 1.75773E-3 5.96077E-4 4.74527E-4 6.10813E-4
1.11028E-3 8.74534E-4 5.65427E-4 5.4748E-4 4.59045E-4 4.04764E-4 6.80951E-5 5.59243E-5 5.44561E-5 6.50558E-5 9.29071E-5 9.29071E-5 2.59626E-4 2.54227E-4 2.53338E-4 2.79745E-4 2.64016E-4 3.88038E-4 6.37348E-5 1.27387E-4 1.25732E-4 1.02833E-4 1.16604E-4 2.74772E-4 3.18152E-4 8.29125E-4 8.66159E-4 2.86262E-3 2.92743E-3 3.14247E-3 4.95729E-3 4.8463E-3 2.16781E-3 5.60451E-3 5.01686E-3 4.26666E-3 5.42444E-3 4.98721E-3 3.05533E-3 2.68568E-3 5.68611E-4 3.24698E-4 2.76925E-4 3.24772E-4 5.94565E-4 1.67614E-3 1.61773E-3 1.0668E-3 7.58178E-4 1.25057E-3 1.69221E-3 2.92853E-3 2.08213E-3 7.68157E-4 5.69525E-4 4.38153E-4 2.16754E-4 1.17714E-4 5.19628E-5 4.71523E-5 8.56518E-5 9.37878E-5 1.82255E-4 1.92041E-4 8.2816E-4 8.70337E-4 5.42983E-4 3.2002E-4 6.44544E-5
9.67321E-4 8.74534E-4 5.00365E-4 3.67107E-5 1.56517E-5 1.34537E-5 1.24136E-5 1.32166E-5 1.42328E-5 4.88593E-5 1.27303E-4 1.3116E-4 1.62706E-4 2.64166E-4 2.62346E-4 1.81776E-4 1.81166E-4 6.14547E-5 5.92562E-5 1.29487E-4 2.98734E-4 3.11557E-4 5.63036E-4 6.32985E-4 9.96362E-4 9.85813E-4 1.87004E-3 1.95353E-3 1.84171E-3 1.98604E-3 5.10923E-3 5.44769E-3 6.57936E-3 7.10126E-3 4.1581E-3 1.90207E-3 1.88168E-3 1.34263E-3 1.22285E-3 4.18225E-4 3.77569E-4 5.08857E-5 7.15693E-5 4.22314E-4 5.58713E-4 1.50021E-3 1.50021E-3 5.9349E-4 4.4898E-4 4.19783E-4 6.81724E-4 9.43858E-4 1.0314E-3 1.12307E-3 4.01193E-4 3.41497E-4 4.21932E-5 2.76358E-5 3.97805E-5 3.94199E-5 7.05471E-5 1.67715E-4 1.85871E-4 2.30539E-4 3.62631E-4 3.62631E-4 3.6387E-4 5.21052E-5 5.69776E-5
4.27633E-4 2.86353E-4 2.91174E-5 9.2953E-6 6.1261E-6 5.30579E-6 5.23563E-6 1.57594E-5 1.81501E-5 6.25938E-5 7.29015E-5 9.82178E-5 9.72728E-5 1.24081E-5 1.16091E-5 1.1859E-5 3.83795E-5 4.02596E-5 7.0193E-5 2.24216E-4 3.47331E-4 3.82618E-4 7.56922E-4 8.5533E-4 9.82155E-4 9.85645E-4 1.823E-3 1.78362E-3 3.79184E-3 4.97378E-3 5.45132E-3 7.61414E-3 7.70179E-3 7.93783E-3 6.41049E-3 1.9296E-3 1.89525E-3 1.29539E-3 1.06956E-3 1.57944E-4 1.57944E-4 2.28655E-4 3.03436E-4 3.45403E-4 6.13426E-4 1.30406E-3 1.28569E-3 1.04659E-3 8.30469E-4 7.28294E-4 4.99215E-4 4.9747E-4 8.07433E-4 1.62544E-4 4.60034E-5 4.02136E-5 3.23181E-5 1.65701E-5 3.93097E-5 4.31183E-5 5.15593E-5 1.72223E-4 1.90868E-4 7.08208E-4 7.03069E-4 1.83708E-4 1.71759E-4 2.013E-4 2.12744E-4
3.06534E-5 2.22494E-5 1.99794E-5 7.10874E-6 4.84879E-6 8.76354E-6 8.01113E-6 2.86283E-5 2.98169E-5 3.2042E-5 1.58892E-5 9.98132E-5 6.50202E-5 2.02831E-5 1.34004E-5 1.5018E-5 3.89403E-5 4.47762E-5 2.05658E-4 2.45295E-4 3.20794E-4 5.30458E-5 5.32046E-5 1.59456E-4 1.45033E-4 7.2507E-4 1.00678E-3 4.05525E-3 4.70699E-3 5.49312E-3 6.83762E-3 5.70843E-3 5.31356E-3 4.91637E-3 4.59347E-3 2.88696E-3 1.57592E-3 1.47321E-3 9.29644E-4 3.10457E-4 3.06196E-4 3.14779E-4 2.9083E-4 3.06089E-4 4.41776E-4 4.52592E-4 5.69916E-4 5.37831E-4 5.13044E-4 4.47651E-4 4.11083E-4 9.36333E-5 1.13532E-4 1.0894E-4 1.07565E-4 4.96646E-5 3.70811E-5 5.47133E-5 5.97234E-5 1.64855E-4 1.94165E-4 5.19867E-4 3.93406E-4 4.57066E-4 1.551E-3 6.09621E-4 4.96218E-4 5.989E-4 5.3466E-4
7.54896E-6 5.26259E-6 5.14015E-6 4.92948E-6 5.18249E-6 1.07639E-5 2.45968E-5 2.91413E-5 6.0382E-5 6.01905E-5 8.24646E-5 7.75668E-5 1.08686E-5 9.95121E-6 5.63467E-5 6.87505E-5 8.61398E-5 5.49221E-5 6.08939E-5 7.00484E-5 5.89427E-5 3.7391E-5 4.12673E-5 1.21627E-4 1.25669E-4 1.45427E-3 1.89638E-3 5.45958E-3 5.3563E-3 8.60369E-4 9.40084E-4 9.49744E-4 8.64699E-4 7.62254E-4 1.37626E-3 1.43102E-3 1.44732E-3 1.36746E-3 8.91393E-4 1.09396E-4 1.5262E-4 1.50216E-4 8.94662E-5 9.17684E-5 1.08247E-4 1.41034E-4 4.6609E-4 5.02387E-4 1.81375E-4 1.29005E-4 1.23475E-4 6.62377E-5 5.11273E-5 3.32174E-5 1.9166E-5 2.5848E-5 3.33251E-5 3.95154E-5 1.56191E-4 4.66773E-4 5.28504E-4 5.45656E-4 3.66227E-4 3.46787E-4 1.29015E-3 1.3179E-3 2.91156E-3 3.11641E-3 5.79138E-3
5.97081E-6 6.03586E-6 4.97686E-6 5.00296E-6 1.58987E-5 1.4288E-5 9.00646E-6 8.29301E-6 6.0122E-6 6.10387E-6 4.91368E-6 1.09176E-5 1.10802E-5 1.10802E-5 1.52206E-5 7.00221E-5 7.53284E-5 3.87354E-5 3.48877E-5 2.78391E-5 2.22107E-5 1.53542E-5 5.23434E-5 7.37605E-5 1.57124E-3 1.96379E-3 4.45424E-3 3.61901E-3 1.01321E-3 6.67038E-4 3.05253E-4 9.71672E-5 1.66588E-4 2.01782E-4 7.49632E-4 7.71216E-4 4.09533E-4 3.28032E-4 2.75413E-4 7.59961E-5 9.62994E-5 1.55552E-5 1.68957E-5 3.34244E-5 5.03397E-5 1.76372E-4 1.88905E-4 7.36484E-5 6.1571E-5 4.16377E-5 4.17624E-5 4.25181E-5 3.54111E-5 2.05224E-5 2.05809E-5 2.23536E-5 7.49388E-5 7.71441E-5 2.46098E-4 2.81093E-4 9.13069E-4 1.14667E-3 1.4688E-3 1.43747E-3 1.42718E-3 1.30395E-3 3.15716E-3 2.9965E-3 3.09882E-3
6.58085E-6 6.8775E-6 6.1024E-6 6.21719E-6 6.40195E-6 1.32301E-5 7.71783E-6 5.37856E-6 5.83283E-6 6.02401E-6 5.5694E-6 9.27212E-6 1.02109E-5 1.72534E-5 1.87929E-5 6.98001E-5 3.02237E-5 2.55569E-5 2.50955E-5 1.84452E-5 1.28426E-5 1.83889E-5 7.23683E-5 8.83979E-5 2.6962E-3 3.0838E-3 3.77924E-3 2.91222E-3 4.10882E-4 2.92015E-4 9.84094E-5 9.71672E-5 6.47104E-5 2.87855E-5 1.09173E-4 1.0951E-4 1.04885E-4 2.41785E-5 1.8661E-5 1.55148E-5 1.75366E-5 1.22809E-5 1.58928E-5 3.76413E-5 3.94853E-5 4.04408E-5 1.65237E-4 7.18813E-5 5.67256E-5 8.27971E-5 8.42084E-5 8.28431E-5 8.60514E-5 7.94685E-5 6.51941E-5 7.072E-5 9.24011E-5 9.48142E-5 3.14106E-4 4.08881E-4 2.02071E-3 2.34608E-3 2.52789E-3 1.49254E-3 1.72648E-3 1.79013E-3 1.78362E-3 2.32256E-3 2.27962E-3
6.29701E-6 6.67043E-6 7.46828E-6 7.19817E-6 7.21769E-6 6.41997E-6 5.84879E-6 4.8697E-6 4.98569E-6 4.56854E-6 4.71156E-6 4.88409E-6 1.24641E-5 2.33344E-5 2.46243E-5 1.6234E-5 4.95609E-5 4.87687E-5 2.9435E-5 2.89983E-5 1.9548E-4 3.08629E-4 1.6831E-3 1.7612E-3 3.07232E-3 2.7779E-3 8.46103E-4 1.10443E-3 1.03243E-3 6.74061E-4 5.5988E-4 4.00622E-4 1.14862E-4 1.28416E-5 1.34839E-5 6.4275E-5 5.29302E-5 1.3689E-5 1.2727E-5 1.55724E-5 1.92106E-5 1.72866E-5 1.95899E-5 1.82133E-5 3.54695E-5 3.54695E-5 4.73866E-5 7.54746E-5 1.27477E-4 1.22572E-4 1.27547E-4 8.46484E-5 9.03977E-5 2.56176E-4 3.00851E-4 3.265E-4 3.265E-4 1.09066E-4 1.31653E-4 3.26625E-4 3.62303E-4 6.27044E-4 6.58551E-4 5.8351E-4 7.61429E-4 8.48733E-4 1.73243E-3 3.05267E-3 3.43331E-3
3.52983E-6 5.41003E-6 5.3803E-6 1.94647E-6 2.04632E-6 2.21366E-6 3.07408E-6 3.15925E-6 3.22364E-6 3.13593E-6 4.31229E-6 4.52798E-6 1.00651E-5 1.05858E-5 1.5032E-5 1.56884E-5 6.19026E-5 7.95929E-5 9.35085E-5 8.40536E-4 1.09167E-3 1.6967E-3 1.98813E-3 2.57764E-3 2.2285E-3 7.90029E-5 6.94093E-5 2.02986E-4 1.83098E-4 1.52295E-4 1.28799E-4 1.23301E-4 1.20551E-4 1.10505E-4 1.83611E-6 2.61278E-6 2.36868E-6 1.81504E-6 7.68367E-6 1.15528E-5 1.66156E-5 1.68501E-5 1.90485E-5 1.81623E-5 3.95978E-5 4.92718E-5 5.25152E-5 6.28264E-5 5.16068E-5 4.10235E-5 1.66671E-5 5.70239E-5 5.11083E-5 5.33754E-5 6.56136E-5 9.74064E-5 9.2875E-5 9.71831E-5 9.65949E-5 6.54933E-5 6.53254E-5 7.21228E-5 7.12257E-5 6.30429E-5 3.32806E-4 3.70437E-4 3.32827E-4 5.18412E-4 4.19222E-3
2.1154E-6 2.5611E-6 1.7482E-6 1.72243E-6 1.51368E-6 1.74623E-6 2.26566E-6 2.29388E-6 3.12016E-6 3.2323E-6 4.35683E-6 3.25357E-5 4.0769E-5 9.91483E-5 9.67651E-5 1.15357E-4 1.35709E-4 5.28731E-4 1.20077E-3 1.64469E-3 1.90246E-3 1.71442E-3 1.73989E-3 1.45877E-3 9.88091E-4 4.01545E-5 3.55911E-5 5.02902E-5 2.1252E-5 2.1252E-5 1.17224E-6 1.10468E-6 4.87905E-6 3.54944E-6 1.06489E-6 1.23748E-6 1.76077E-6 2.27232E-6 8.64462E-6 1.37649E-5 1.49722E-5 1.31215E-5 1.89143E-5 1.85471E-5 1.93018E-5 5.04352E-6 5.97202E-6 7.58422E-6 9.57208E-6 1.57028E-5 1.45164E-5 4.56633E-5 5.33217E-5 5.41879E-5 3.81967E-5 3.95012E-5 3.95012E-5 4.18467E-5 8.02893E-5 7.09359E-5 7.11742E-5 7.56012E-5 4.47048E-5 3.90165E-5 1.71014E-5 1.94543E-5 2.06335E-5 2.85599E-4 1.98944E-2
1.26095E-6 1.13782E-6 1.52946E-6 1.45558E-6 6.394E-6 9.07702E-6 9.18277E-6 9.55986E-6 1.83546E-5 2.04399E-5 2.0624E-5 4.0769E-5 7.14258E-5 2.79533E-4 2.95424E-4 4.5549E-4 5.10268E-4 1.46718E-3 1.5884E-3 1.5884E-3 1.02581E-3 1.05998E-3 7.53134E-5 4.95925E-5 2.33228E-5 1.96031E-5 2.60816E-5 4.09062E-5 1.61334E-5 5.4988E-7 6.12784E-7 4.57157E-7 3.12539E-7 2.84295E-7 3.21197E-7 1.23534E-6 1.87413E-6 1.89659E-6 2.11118E-6 3.18318E-6 2.73961E-6 6.45562E-7 6.11488E-7 6.51895E-6 7.80062E-6 4.0386E-6 4.0386E-6 6.30581E-6 2.81295E-5 5.37989E-5 5.7633E-5 7.17465E-5 9.10396E-5 8.84371E-5 3.28886E-4 3.45188E-4 2.21753E-4 2.2696E-4 3.40256E-4 3.63346E-4 3.82676E-4 8.14733E-4 3.10294E-4 2.50217E-4 2.33158E-4 1.18727E-4 1.13125E-4 5.7168E-4 7.94525E-4
6.15397E-6 1.99391E-6 2.12138E-6 1.90566E-6 3.31786E-6 1.14102E-5 1.82489E-5 7.65168E-5 9.20617E-5 2.45573E-4 2.75109E-4 4.06492E-4 7.97315E-4 9.39722E-4 8.16499E-4 1.16355E-3 1.21619E-3 1.19397E-3 7.41031E-4 6.42975E-4 9.16309E-4 9.12978E-4 4.46767E-5 2.63065E-5 2.02105E-6 1.68843E-6 4.72409E-6 1.04899E-5 1.14549E-6 2.33657E-7 3.96711E-7 3.98271E-7 3.50593E-7 3.90559E-7 4.17321E-7 1.21015E-6 1.25816E-6 1.94694E-6 1.90517E-6 3.74411E-7 3.34208E-7 2.98853E-7 4.0977E-7 5.11072E-7 4.97228E-7 5.1611E-7 5.34484E-6 2.39232E-5 3.26747E-5 3.2383E-5 2.83412E-5 3.21638E-5 7.154E-5 1.31529E-4 1.39501E-4 2.14932E-4 2.2984E-4 2.34327E-4 2.04666E-4 6.92108E-4 7.5631E-4 1.27688E-3 1.00722E-3 4.51789E-4 4.54965E-4 7.66447E-4 7.97363E-4 7.97363E-4 2.08104E-3
5.83564E-6 3.61871E-6 3.40378E-6 3.26609E-5 5.66941E-5 7.60554E-5 8.41676E-5 1.04437E-4 4.931E-4 9.29795E-4 1.08162E-3 1.14474E-3 1.05113E-3 1.06297E-3 6.58712E-4 6.53993E-4 9.16693E-4 8.86764E-4 4.80687E-4 4.43011E-4 4.96288E-4 3.52112E-4 1.83242E-4 1.68259E-5 1.07271E-5 7.68933E-7 8.41545E-7 1.91013E-6 9.24029E-7 2.01295E-7 6.73402E-7 5.34977E-7 4.70559E-7 5.73647E-7 5.73647E-7 6.42591E-7 5.92806E-6 2.71043E-6 2.51151E-6 2.30512E-6 4.40556E-7 3.97536E-7 4.74986E-6 6.48507E-6 2.21454E-6 3.07038E-6 2.88271E-5 2.84845E-5 2.84845E-5 2.323E-5 2.62411E-5 2.62411E-5 2.96057E-5 1.13535E-4 1.39958E-4 1.90571E-4 1.85721E-4 8.07024E-5 6.52342E-5 5.05151E-4 6.20045E-4 5.0697E-4 4.96788E-3 5.12495E-4 5.07139E-4 1.65407E-3 8.5686E-3 1.18929E-2 1.55994E-2
9.51181E-5 8.53904E-5 7.42728E-6 8.12372E-5 1.29087E-4 1.43189E-4 6.8725E-5 2.19242E-4 7.57921E-4 7.46821E-4 7.4687E-4 7.86449E-4 2.99027E-4 2.51306E-4 2.58254E-4 4.49969E-4 1.14483E-4 9.65082E-5 9.10694E-5 1.97039E-4 1.98387E-4 2.92172E-4 2.25464E-4 1.53879E-6 7.97038E-7 6.72906E-7 7.72096E-7 7.82218E-7 7.57412E-7 7.67239E-7 6.66207E-7 5.34977E-7 6.15701E-6 4.49213E-6 7.12932E-6 5.74024E-6 2.0007E-5 3.84783E-5 9.86451E-6 2.98353E-5 3.79172E-5 3.63394E-5 3.46165E-5 2.30439E-5 2.81605E-5 3.3379E-5 3.72338E-5 2.79782E-5 6.71878E-5 1.54618E-4 1.75964E-4 2.3047E-4 1.92373E-4 6.88812E-4 1.13026E-3 1.11798E-3 2.78734E-4 1.77955E-3 1.80497E-3 1.72364E-3 3.83019E-3 3.63296E-3 9.10006E-3 9.80952E-3 7.2959E-4 5.22751E-4 4.89445E-4 6.31928E-4 7.62682E-4
1.54441E-4 2.53463E-4 3.91836E-4 4.75848E-4 5.1804E-4 5.59765E-4 3.81397E-4 5.03032E-4 4.74556E-4 4.13304E-4 3.09216E-4 2.87571E-4 2.13635E-4 1.65711E-4 2.09659E-4 3.06261E-5 3.33542E-5 5.46668E-5 5.08705E-5 5.95169E-5 6.35594E-5 7.47906E-5 1.39588E-4 7.72361E-5 7.35856E-7 7.04397E-7 1.77138E-6 1.83385E-6 4.40434E-7 4.87733E-7 6.42279E-7 1.68067E-6 1.90344E-5 1.65923E-5 3.29952E-5 3.25969E-5 3.13355E-5 5.56672E-5 3.12969E-5 3.22465E-5 4.68547E-5 1.20998E-4 7.31895E-5 3.49695E-5 3.57206E-5 1.399E-4 1.55045E-4 9.58888E-5 9.77335E-5 9.71147E-5 7.31534E-4 1.29726E-3 1.60223E-3 1.62573E-3 1.29977E-3 1.19794E-3 7.24731E-4 7.4532E-4 8.54396E-4 8.42513E-4 2.06262E-3 2.02448E-3 2.38581E-3 4.20339E-3 5.22751E-4 3.14962E-4 4.47475E-5 2.10798E-4 2.36329E-4
4.28261E-4 3.74266E-4 1.99351E-4 4.57061E-4 1.76242E-4 1.16439E-4 1.11897E-4 5.86247E-4 1.12926E-4 9.74623E-5 7.87893E-5 7.08177E-5 8.03016E-5 3.61714E-5 3.13866E-5 2.09257E-5 2.28194E-5 2.26855E-5 1.21833E-5 1.15193E-5 4.4558E-5 6.88473E-5 9.43308E-6 4.39366E-6 8.21434E-6 7.97616E-6 3.5643E-6 3.99903E-6 1.13373E-6 9.86606E-7 9.14197E-7 9.68703E-7 1.61337E-5 2.28918E-5 1.87529E-5 2.03345E-5 1.99842E-5 3.71693E-5 4.97455E-5 7.81436E-5 8.21556E-5 1.15288E-4 1.20998E-4 1.04969E-4 6.35709E-4 4.84948E-4 5.52038E-4 5.52038E-4 2.26931E-4 6.18407E-4 1.25863E-3 1.28145E-3 2.87604E-4 2.9644E-4 3.89403E-4 3.67478E-4 3.52749E-4 5.05277E-4 7.12057E-4 8.36504E-4 8.1625E-4 1.1341E-3 1.34375E-3 2.73787E-4 1.5934E-4 3.80775E-5 3.79639E-5 1.8059E-4 2.72108E-4
3.10285E-4 1.26287E-4 1.67662E-4 2.79807E-4 2.70051E-4 1.58967E-4 1.74124E-4 8.92544E-5 7.45169E-5 6.04344E-5 2.53591E-5 4.40964E-5 5.66718E-5 6.03883E-5 3.49344E-5 2.33445E-5 2.1755E-5 1.92561E-5 6.3919E-6 6.3919E-6 1.26536E-5 1.39576E-5 2.62854E-5 2.27902E-5 2.27902E-5 1.4033E-5 1.64107E-5 1.56732E-5 1.36788E-5 1.07983E-5 1.26993E-5 1.8155E-5 2.12716E-5 2.31542E-5 2.01373E-5 2.61604E-5 1.01173E-4 1.13618E-4 7.05952E-5 1.52174E-4 1.54682E-4 1.57746E-4 1.17707E-4 1.06333E-4 2.73089E-5 1.9512E-5 3.48941E-4 2.92257E-4 3.03453E-4 3.49136E-4 4.37898E-4 1.24303E-5 1.00425E-5 1.03627E-5 1.00425E-5 6.83553E-5 6.28966E-5 1.25317E-4 1.43942E-4 7.4522E-4 7.74485E-4 1.05751E-4 9.91229E-5 4.06403E-5 2.87108E-5 9.92101E-5 1.01232E-4 2.68841E-5 3.37755E-5
8.39322E-5 1.23695E-4 1.27163E-4 6.39107E-5 2.25246E-4 1.6326E-4 1.66067E-4 1.25995E-4 4.5017E-5 4.48763E-5 1.76099E-5 1.6588E-5 1.14974E-5 1.35645E-5 2.01701E-5 1.54124E-5 1.41697E-5 1.94841E-5 1.93698E-5 5.1349E-6 4.63347E-6 5.47807E-6 6.11414E-6 1.75188E-5 1.79294E-5 2.29513E-5 2.336E-5 2.02221E-5 5.37495E-6 3.30009E-5 3.62574E-5 4.05676E-5 3.41381E-5 4.1041E-5 4.95452E-5 4.77817E-5 1.17176E-5 9.38185E-6 3.60703E-5 3.60703E-5 8.47901E-5 1.35325E-4 7.76464E-5 6.92576E-5 1.82461E-5 2.62437E-5 1.32795E-4 1.19014E-4 9.10828E-5 1.03538E-5 1.0656E-5 7.65911E-6 5.9218E-6 1.28117E-6 1.17605E-6 7.19773E-6 8.98975E-6 8.35492E-6 1.79382E-4 5.57824E-4 6.31196E-5 5.16737E-5 2.48428E-5 2.4771E-5 2.78283E-5 2.79104E-5 1.95396E-5 8.82477E-6 1.82806E-5
7.80113E-6 7.82265E-6 5.1004E-5 5.97286E-5 2.17392E-4 1.96456E-4 5.24768E-5 4.92933E-5 2.44194E-5 1.57518E-5 8.12464E-6 2.41361E-6 3.00706E-5 4.98253E-5 4.27803E-5 3.18789E-6 3.2112E-6 1.44307E-5 1.42646E-5 4.69337E-6 4.03332E-6 6.45291E-6 6.6332E-6 5.68762E-6 6.77698E-6 6.97479E-6 4.90584E-6 3.61477E-6 3.02749E-6 3.20141E-6 1.59321E-5 1.62113E-5 2.18611E-5 2.26998E-5 3.68402E-5 3.21075E-5 7.77147E-6 4.43797E-6 4.93642E-6 8.99748E-6 2.37821E-5 2.59405E-5 2.61668E-5 1.91515E-5 1.98176E-5 4.49462E-5 5.3145E-5 2.53095E-5 2.45871E-5 6.37689E-6 5.34909E-6 3.23626E-6 1.17138E-6 1.99452E-6 1.88616E-6 2.4459E-6 2.15633E-5 2.34458E-5 1.23032E-4 1.28218E-4 4.77273E-5 3.95351E-5 2.89955E-5 2.96085E-5 4.6553E-5 5.07495E-5 1.37042E-4 1.37042E-4 3.46699E-5
3.12725E-6 3.41267E-6 8.20136E-5 9.35064E-5 9.80495E-5 4.11471E-5 4.50751E-6 4.09556E-6 3.78755E-6 3.25214E-6 2.48922E-6 3.02864E-6 3.79081E-6 9.29504E-6 8.25062E-6 5.61816E-6 5.84295E-6 6.02925E-6 5.44918E-6 4.80627E-6 3.37664E-6 2.80883E-6 2.66606E-6 2.83242E-6 4.65399E-6 5.37404E-6 6.38411E-6 5.3128E-6 1.97923E-6 7.56857E-6 7.47352E-6 9.60352E-6 1.04888E-5 4.25988E-5 1.52816E-5 1.35366E-5 1.18595E-5 3.77838E-6 4.12034E-6 2.11946E-5 2.19563E-5 7.04768E-6 7.08332E-6 1.65264E-5 1.93299E-5 1.8256E-5 3.24305E-5 3.74699E-6 3.41458E-6 4.06308E-6 1.22955E-5 7.50982E-6 1.16092E-6 1.18458E-6 1.42238E-5 2.09786E-5 3.92018E-5 4.84702E-5 3.47964E-5 2.60213E-5 2.42511E-5 2.43214E-5 2.95202E-5 2.97861E-5 4.57577E-5 6.48247E-5 5.75571E-5 2.18058E-4 3.73955E-4
2.87197E-5 2.87197E-5 2.09069E-5 7.7746E-5 8.6288E-5 2.18726E-5 1.26659E-6 2.39217E-6 2.61953E-6 9.86537E-6 1.02438E-5 1.06986E-5 5.38312E-6 7.73128E-6 7.92208E-6 7.1893E-6 6.8488E-6 7.16589E-6 1.43837E-5 1.31869E-5 3.76344E-6 2.71138E-6 2.86457E-6 3.26372E-6 5.89042E-6 7.116E-6 7.83175E-6 1.45412E-5 1.41468E-5 1.48176E-5 1.56105E-5 6.926E-5 5.45651E-5 6.68688E-5 5.12973E-5 1.52025E-5 1.31729E-5 3.91552E-6 2.56335E-6 3.17624E-6 5.77115E-6 1.05026E-5 1.08202E-5 1.0791E-5 1.26301E-5 1.25618E-5 2.3245E-5 9.89405E-6 1.94324E-6 1.41778E-6 1.90712E-6 2.1135E-6 1.9705E-6 2.79235E-6 2.20063E-5 2.77017E-5 3.77619E-5 9.30695E-5 8.0864E-5 1.63597E-5 1.75674E-5 1.38205E-5 1.3188E-5 3.1701E-5 3.51479E-5 6.35586E-5 7.91231E-5 3.6355E-4 3.6355E-4
