Week 7/1_MaxEnt/output/Hippodamia_variegata.asc
ncols         950
nrows         550
xllcorner     -14.0
yllcorner     49.0
cellsize      0.02
NODATA_value  -9999
[rows 372 to 402 of 550, columns 207 to 275 of 950]
-9999 -9999 -9999 -9999 -9999 -9999 -9999 -9999 -9999 9.95054E-2 8.16783E-2 6.30879E-2 5.91434E-2 7.23557E-2 6.83081E-2 7.01635E-2 8.95226E-2 8.82978E-2 9.2281E-2 1.09603E-1 1.06939E-1 9.52977E-2 8.89638E-2 9.95911E-2 8.59008E-2 7.32988E-2 6.21008E-2 6.60819E-2 6.79235E-2 8.01118E-2 8.30809E-2 7.79802E-2 8.19117E-2 8.93834E-2 7.63557E-2 7.12818E-2 7.72049E-2 9.59492E-2 1.11024E-1 9.01732E-2 1.04257E-1 1.04656E-1 1.13495E-1 1.25722E-1 1.23413E-1 1.22302E-1 1.15817E-1 1.11688E-1 1.11688E-1 1.27272E-1 1.32066E-1 1.39117E-1 1.42566E-1 1.3454E-1 1.32885E-1 1.36727E-1 1.25005E-1 8.28198E-2 8.46333E-2 1.26397E-1 1.39373E-1 1.64482E-1 1.53049E-1 1.48558E-1 1.4892E-1 1.47377E-1 1.4564E-1 1.35667E-1 1.35017E-1
-9999 -9999 -9999 -9999 -9999 -9999 -9999 -9999 -9999 6.02835E-2 8.26985E-2 4.76211E-2 5.12649E-2 4.88502E-2 7.18987E-2 8.44026E-2 8.00209E-2 8.57063E-2 8.27394E-2 8.06841E-2 7.91747E-2 7.96748E-2 8.66336E-2 8.39759E-2 9.02016E-2 7.68751E-2 6.5924E-2 6.34745E-2 5.90968E-2 5.85319E-2 6.40833E-2 6.40833E-2 6.71019E-2 6.65098E-2 6.75071E-2 6.44513E-2 6.6292E-2 6.43982E-2 7.58029E-2 8.59129E-2 9.14669E-2 9.44319E-2 1.06375E-1 1.13217E-1 1.21302E-1 1.21682E-1 1.13653E-1 1.07365E-1 1.08037E-1 1.17142E-1 1.2653E-1 1.34914E-1 1.34374E-1 1.4116E-1 1.369E-1 1.39266E-1 1.40982E-1 1.3266E-1 1.38445E-1 1.47112E-1 1.46223E-1 1.62794E-1 1.54335E-1 1.4641E-1 1.38731E-1 1.35835E-1 1.32652E-1 1.32732E-1 1.37572E-1
-9999 -9999 -9999 -9999 -9999 -9999 -9999 -9999 -9999 6.84495E-2 7.19338E-2 7.14804E-2 8.11674E-2 6.92078E-2 7.3232E-2 8.2325E-2 7.22997E-2 7.41501E-2 7.76924E-2 7.61703E-2 7.61703E-2 7.78277E-2 8.69466E-2 8.64069E-2 9.53989E-2 8.86447E-2 8.08401E-2 6.75612E-2 5.99541E-2 5.9667E-2 5.82252E-2 5.82252E-2 5.40275E-2 5.40275E-2 6.41435E-2 6.3837E-2 5.98243E-2 5.89769E-2 6.70983E-2 1.03335E-1 8.78425E-2 9.29695E-2 1.0543E-1 1.10827E-1 1.20394E-1 1.16717E-1 1.08127E-1 9.88151E-2 1.03519E-1 1.07474E-1 1.26521E-1 1.32869E-1 1.24795E-1 1.21745E-1 1.20425E-1 1.21925E-1 1.31609E-1 1.3909E-1 1.46766E-1 1.26796E-1 1.26947E-1 1.26947E-1 1.4168E-1 1.37076E-1 1.36255E-1 1.37612E-1 1.2606E-1 1.23068E-1 1.35615E-1
-9999 -9999 -9999 -9999 -9999 -9999 -9999 -9999 -9999 -9999 7.0141E-2 8.18781E-2 8.34366E-2 8.61567E-2 7.53705E-2 7.21775E-2 7.17226E-2 7.3551E-2 7.3551E-2 8.35256E-2 8.30062E-2 7.76165E-2 7.76165E-2 9.45658E-2 9.28349E-2 9.16977E-2 9.16977E-2 8.35287E-2 7.80585E-2 6.713E-2 6.42485E-2 5.90303E-2 5.81938E-2 4.56971E-2 4.74469E-2 5.99912E-2 6.10933E-2 6.72506E-2 7.63647E-2 9.69095E-2 8.72897E-2 9.41467E-2 1.04355E-1 1.22215E-1 1.07356E-1 1.18088E-1 9.63648E-2 9.16356E-2 9.16356E-2 1.11327E-1 1.13396E-1 9.64099E-2 1.02334E-1 1.21017E-1 1.11431E-1 1.14927E-1 1.22981E-1 1.46939E-1 1.34792E-1 9.53867E-2 9.91016E-2 1.021E-1 1.14056E-1 1.32555E-1 1.42615E-1 1.40093E-1 1.24973E-1 1.06232E-1 1.04445E-1
-9999 -9999 -9999 -9999 -9999 9.11151E-2 7.84811E-2 7.89805E-2 8.45825E-2 7.41054E-2 6.71991E-2 6.88609E-2 6.88609E-2 6.8423E-2 6.68102E-2 6.63849E-2 6.71081E-2 7.47499E-2 7.42795E-2 7.38119E-2 7.36112E-2 7.31476E-2 8.4278E-2 9.20238E-2 9.14582E-2 9.16977E-2 8.62072E-2 7.84244E-2 8.69884E-2 7.78038E-2 7.29595E-2 4.44871E-2 4.16775E-2 4.16775E-2 3.60602E-2 5.56685E-2 6.50961E-2 7.81438E-2 9.13226E-2 9.89846E-2 9.95548E-2 9.92558E-2 9.43922E-2 9.65873E-2 1.02284E-1 1.13874E-1 1.13874E-1 1.11588E-1 1.01023E-1 9.69771E-2 8.5619E-2 8.05792E-2 8.09733E-2 8.87509E-2 1.13884E-1 1.23986E-1 1.23232E-1 1.33473E-1 1.3266E-1 9.25697E-2 8.50384E-2 8.27718E-2 1.0096E-1 1.33083E-1 1.44744E-1 1.36255E-1 1.30242E-1 9.65056E-2 9.05622E-2
-9999 -9999 -9999 -9999 -9999 6.74195E-2 7.14721E-2 7.70567E-2 7.9723E-2 6.35829E-2 6.35829E-2 6.00323E-2 6.03476E-2 5.99594E-2 6.68102E-2 6.02743E-2 6.78389E-2 6.74073E-2 8.8703E-2 8.81569E-2 7.40776E-2 7.36112E-2 7.62326E-2 7.48031E-2 8.92461E-2 7.51212E-2 5.5299E-2 5.05056E-2 6.07123E-2 5.89889E-2 5.86183E-2 5.64279E-2 2.19855E-2 1.79382E-2 1.48731E-2 2.25446E-2 6.93969E-2 9.23223E-2 9.42006E-2 1.03909E-1 1.01518E-1 1.04073E-1 9.97208E-2 1.03461E-1 1.05024E-1 1.05673E-1 1.22017E-1 9.55905E-2 8.27693E-2 7.75898E-2 7.94266E-2 7.94266E-2 8.08878E-2 8.84846E-2 1.12632E-1 1.23375E-1 1.22651E-1 1.30349E-1 1.3429E-1 1.21995E-1 1.021E-1 1.05329E-1 1.23163E-1 1.42313E-1 1.39992E-1 1.44135E-1 1.34195E-1 1.03792E-1 9.66845E-2
6.87791E-2 7.87237E-2 7.34827E-2 5.78929E-2 4.37807E-2 4.2834E-2 4.81789E-2 6.2964E-2 6.70591E-2 6.04086E-2 6.23741E-2 5.86081E-2 5.86081E-2 6.01774E-2 5.97902E-2 6.18496E-2 6.22497E-2 8.57705E-2 8.4193E-2 8.623E-2 8.46444E-2 8.0743E-2 8.17432E-2 7.48071E-2 9.64333E-2 8.80944E-2 7.21615E-2 5.24725E-2 5.9929E-2 6.23983E-2 4.44287E-2 3.94951E-2 2.86352E-2 1.59033E-2 3.40529E-2 2.6173E-2 6.51269E-2 8.21824E-2 8.95335E-2 9.65059E-2 9.71095E-2 1.00705E-1 1.12078E-1 1.08687E-1 1.05673E-1 1.14012E-1 1.11947E-1 8.75689E-2 7.8024E-2 7.8024E-2 7.94266E-2 8.08775E-2 8.49729E-2 9.29418E-2 1.10889E-1 1.20013E-1 1.30025E-1 1.29243E-1 1.35204E-1 1.4449E-1 1.43168E-1 1.38942E-1 1.46087E-1 1.46087E-1 1.43172E-1 1.4066E-1 1.29849E-1 1.13861E-1 1.04999E-1
5.97112E-2 6.64521E-2 6.19695E-2 5.18398E-2 4.75813E-2 4.84593E-2 4.39186E-2 5.02792E-2 5.36218E-2 5.41012E-2 5.62429E-2 5.66077E-2 6.41439E-2 6.002E-2 6.002E-2 6.18496E-2 8.89571E-2 7.66192E-2 7.18038E-2 8.85067E-2 7.50467E-2 5.61699E-2 6.05308E-2 7.27669E-2 8.42858E-2 9.83231E-2 9.77296E-2 8.58612E-2 7.89236E-2 7.56243E-2 6.43442E-2 4.99359E-2 4.60707E-2 4.41816E-2 4.2952E-2 4.32349E-2 4.61765E-2 7.70325E-2 9.50684E-2 8.95335E-2 1.02095E-1 9.64075E-2 9.88414E-2 1.11491E-1 1.08117E-1 1.14708E-1 1.10187E-1 9.22459E-2 8.24386E-2 8.16673E-2 8.41134E-2 9.25413E-2 9.81365E-2 1.06485E-1 1.23333E-1 1.27856E-1 1.30956E-1 1.2499E-1 1.30427E-1 1.39662E-1 1.45907E-1 1.45038E-1 1.40762E-1 1.46087E-1 1.40267E-1 1.32701E-1 1.21891E-1 1.12088E-1 1.03711E-1
-9999 7.19654E-2 6.17322E-2 5.42982E-2 4.71583E-2 4.59563E-2 4.74573E-2 5.06173E-2 4.91977E-2 5.28355E-2 5.58803E-2 5.58803E-2 7.65164E-2 7.74804E-2 8.3417E-2 6.95964E-2 6.29103E-2 5.45355E-2 6.24688E-2 8.57463E-2 6.95385E-2 5.85441E-2 5.48888E-2 5.27763E-2 5.82664E-2 7.85236E-2 8.31599E-2 7.15605E-2 9.12121E-2 7.79242E-2 7.91345E-2 7.66145E-2 6.86776E-2 6.5732E-2 4.80804E-2 5.94861E-2 6.2411E-2 6.9475E-2 7.63202E-2 9.77502E-2 9.77717E-2 1.06191E-1 1.04006E-1 1.08975E-1 1.08975E-1 1.14428E-1 1.08319E-1 9.40694E-2 9.07599E-2 8.73208E-2 9.31428E-2 1.05571E-1 1.0886E-1 1.13607E-1 1.24877E-1 1.19963E-1 1.2368E-1 1.31221E-1 1.31221E-1 1.50173E-1 1.48393E-1 1.46558E-1 1.44817E-1 1.40351E-1 1.3386E-1 1.27548E-1 1.23067E-1 1.1226E-1 1.07633E-1
-9999 7.9163E-2 7.01548E-2 6.54536E-2 5.9082E-2 5.57047E-2 5.35975E-2 5.54882E-2 7.24457E-2 7.42863E-2 7.3822E-2 8.18084E-2 7.98038E-2 7.99549E-2 4.69444E-2 4.26146E-2 4.51633E-2 5.11039E-2 5.75674E-2 6.83912E-2 5.84741E-2 5.07891E-2 4.77099E-2 4.98287E-2 6.80554E-2 9.15016E-2 9.73186E-2 6.52462E-2 5.85382E-2 5.57405E-2 4.08376E-2 6.05987E-2 5.96281E-2 5.60174E-2 5.12435E-2 5.22411E-2 4.00422E-2 3.75078E-2 5.24285E-2 5.4209E-2 8.14915E-2 9.36918E-2 1.0105E-1 9.50291E-2 8.81127E-2 8.757E-2 8.8444E-2 9.09417E-2 9.21049E-2 9.10392E-2 9.62137E-2 9.91933E-2 9.99198E-2 1.043E-1 1.24896E-1 1.31818E-1 1.16407E-1 1.13589E-1 1.27274E-1 1.28809E-1 1.31641E-1 1.31188E-1 1.23607E-1 1.22871E-1 1.20255E-1 1.1182E-1 1.05867E-1 9.41263E-2 9.10142E-2
-9999 7.30754E-2 6.92659E-2 6.46223E-2 6.06162E-2 5.891E-2 5.63224E-2 5.56036E-2 6.99497E-2 7.03297E-2 6.9016E-2 7.59592E-2 6.8801E-2 5.34687E-2 3.96787E-2 3.41131E-2 4.07601E-2 5.28081E-2 5.4371E-2 2.94187E-2 2.39227E-2 3.03181E-2 4.13386E-2 5.25509E-2 6.13671E-2 7.58163E-2 8.15061E-2 6.56912E-2 5.68052E-2 4.26055E-2 4.26055E-2 5.88303E-2 2.81241E-2 1.73171E-2 1.91031E-2 3.27505E-2 1.4929E-2 1.81886E-2 1.98945E-2 2.65563E-2 3.8735E-2 7.01916E-2 6.80107E-2 8.80873E-2 7.12262E-2 7.3392E-2 7.41278E-2 8.07218E-2 8.23269E-2 8.5569E-2 9.12092E-2 9.44758E-2 9.49685E-2 9.52423E-2 9.80274E-2 1.00563E-1 9.53222E-2 1.01693E-1 1.12151E-1 1.10801E-1 1.05925E-1 1.04773E-1 1.0156E-1 1.00974E-1 9.82328E-2 9.16624E-2 7.90657E-2 7.98201E-2 3.71248E-2
-9999 8.04046E-2 6.05653E-2 5.15812E-2 6.19462E-2 6.76598E-2 6.07387E-2 6.07387E-2 6.86429E-2 5.43423E-2 4.78655E-2 4.64595E-2 4.00469E-2 2.83039E-2 1.67225E-2 1.88176E-2 3.44846E-2 4.59107E-2 4.29505E-2 3.34509E-2 2.46652E-2 2.73502E-2 4.66556E-2 4.57788E-2 5.83106E-2 5.12702E-2 5.72758E-2 6.1457E-2 6.26696E-2 6.20604E-2 6.2495E-2 6.1995E-2 2.81924E-2 1.73543E-2 1.52949E-2 1.20305E-2 1.18114E-2 9.61071E-3 9.66351E-3 1.39715E-2 1.39715E-2 4.24316E-2 6.0919E-2 6.54581E-2 5.99413E-2 7.38053E-2 7.41644E-2 7.68208E-2 7.6402E-2 7.86506E-2 8.50942E-2 9.02704E-2 8.42074E-2 8.33511E-2 8.255E-2 7.9116E-2 7.83398E-2 9.26416E-2 9.91809E-2 1.04086E-1 9.57474E-2 5.40108E-2 3.97333E-2 2.13657E-2 3.05016E-2 2.05391E-2 3.98924E-3 4.02612E-2 2.79839E-2
7.76824E-2 7.26234E-2 5.46972E-2 5.36197E-2 5.25488E-2 6.86689E-2 7.12883E-2 7.35726E-2 7.44877E-2 6.64035E-2 3.33693E-2 3.08137E-2 1.38352E-2 8.98018E-3 1.2563E-2 1.86408E-2 3.24486E-2 3.96049E-2 2.66985E-2 2.27897E-2 2.24637E-2 2.56393E-2 4.36002E-2 4.89643E-2 5.83514E-2 4.73397E-2 3.79342E-2 4.01868E-2 4.71471E-2 4.80758E-2 5.2567E-2 5.49177E-2 2.81327E-2 2.23417E-2 2.11769E-2 2.22089E-2 9.61071E-3 9.56703E-3 9.61959E-3 1.31781E-2 1.4229E-2 1.8189E-2 4.43074E-2 5.79327E-2 6.20416E-2 6.26336E-2 6.61647E-2 6.67946E-2 7.52887E-2 7.8676E-2 8.30276E-2 8.37408E-2 8.0566E-2 8.0566E-2 7.97502E-2 7.89822E-2 7.99442E-2 1.01655E-1 1.04015E-1 9.10254E-2 8.2264E-2 3.21592E-2 1.66706E-2 9.71793E-3 9.41601E-3 4.18406E-3 3.68977E-3 9.1864E-3 3.40704E-2
7.0005E-2 8.94583E-2 7.93972E-2 7.38746E-2 4.00071E-2 5.16413E-2 5.43882E-2 7.47962E-2 7.43322E-2 7.84749E-2 7.42343E-2 6.54794E-2 5.16462E-2 3.63657E-2 3.19681E-2 1.29401E-2 2.03744E-2 2.77617E-2 2.21585E-2 1.16265E-2 1.2179E-2 1.59481E-2 1.91729E-2 3.28578E-2 3.9077E-2 3.41993E-2 2.97337E-2 3.17404E-2 3.4165E-2 3.31909E-2 3.56788E-2 4.41924E-2 4.41924E-2 2.5609E-2 1.95233E-2 1.8287E-2 1.68898E-2 9.78804E-3 1.72157E-2 1.89172E-2 2.0341E-2 2.35398E-2 4.78649E-2 5.21651E-2 5.961E-2 5.85339E-2 6.94378E-2 7.0104E-2 7.1878E-2 7.46708E-2 7.22216E-2 7.77121E-2 7.77121E-2 7.77121E-2 8.00949E-2 8.04904E-2 8.75531E-2 1.01952E-1 9.27066E-2 7.78754E-2 4.07258E-2 3.62786E-2 2.75623E-2 2.60653E-2 1.93539E-2 1.91757E-2 1.40905E-2 1.25766E-2 3.55802E-2
-9999 -9999 -9999 -9999 -9999 7.50469E-2 6.77129E-2 6.10844E-2 6.5327E-2 6.12787E-2 6.54926E-2 7.55621E-2 5.84273E-2 5.76825E-2 7.66505E-2 6.68943E-2 4.31806E-2 4.7326E-2 5.1758E-2 5.21389E-2 4.53601E-2 3.64451E-2 1.87258E-2 1.48265E-2 1.561E-2 1.37985E-2 1.34791E-2 1.41918E-2 2.63821E-2 2.17586E-2 2.32718E-2 2.78245E-2 2.89109E-2 1.29767E-2 1.20569E-2 8.42616E-3 8.42616E-3 1.72157E-2 1.73791E-2 2.02086E-2 3.14951E-2 2.39327E-2 2.79497E-2 3.76403E-2 4.09742E-2 5.15282E-2 5.45238E-2 7.41778E-2 7.41778E-2 6.27138E-2 6.30094E-2 7.87223E-2 7.87223E-2 7.85148E-2 7.85148E-2 8.14925E-2 8.35219E-2 8.94624E-2 1.0239E-1 9.43667E-2 9.65839E-2 9.70813E-2 9.70813E-2 4.78258E-2 9.36372E-2 9.36372E-2 8.66141E-2 8.61077E-2 8.51281E-2
-9999 6.49949E-2 5.76718E-2 5.84218E-2 5.65642E-2 5.58708E-2 4.77624E-2 4.93386E-2 5.27717E-2 5.84841E-2 5.88604E-2 5.76825E-2 5.83139E-2 6.09899E-2 7.51245E-2 7.46517E-2 7.58909E-2 7.83038E-2 6.99742E-2 6.99742E-2 8.67876E-2 6.43811E-2 4.50618E-2 4.35887E-2 1.8937E-2 1.38411E-2 7.99914E-3 8.33414E-3 9.16517E-3 5.98208E-3 1.2339E-2 1.2512E-2 1.30969E-2 1.29159E-2 1.12536E-2 1.06735E-2 1.05851E-2 1.12372E-2 2.37889E-2 2.59125E-2 3.65707E-2 4.08283E-2 4.69195E-2 4.92188E-2 4.82906E-2 5.01553E-2 6.40684E-2 7.44429E-2 7.7731E-2 6.75145E-2 6.71956E-2 6.75145E-2 7.77463E-2 7.91442E-2 7.91442E-2 7.56817E-2 7.64395E-2 8.31812E-2 9.60739E-2 1.032E-1 1.05739E-1 1.09506E-1 1.14936E-1 1.12705E-1 1.17572E-1 1.18968E-1 1.19692E-1 1.2044E-1 1.18998E-1
8.71573E-3 3.29805E-3 5.79198E-3 1.07686E-2 1.14596E-2 2.23243E-2 2.02412E-2 2.23546E-2 2.20318E-2 4.42173E-2 5.7867E-2 7.35258E-2 7.77277E-2 5.93965E-2 6.29209E-2 6.77867E-2 6.99832E-2 7.33667E-2 7.50494E-2 7.74713E-2 7.75906E-2 8.12236E-2 7.3896E-2 8.09164E-2 3.46184E-2 2.41465E-2 1.95855E-2 4.86828E-3 5.51051E-3 6.5123E-3 1.19833E-2 1.18175E-2 1.27302E-2 1.27894E-2 1.26126E-2 1.09721E-2 2.82726E-2 3.21704E-2 3.70188E-2 3.99501E-2 4.20959E-2 5.63883E-2 6.50311E-2 6.50311E-2 6.22833E-2 6.37935E-2 6.78907E-2 7.89072E-2 8.44704E-2 7.78064E-2 7.28041E-2 7.28041E-2 7.85029E-2 7.81237E-2 7.76079E-2 7.76079E-2 8.00915E-2 8.3308E-2 8.72357E-2 9.6544E-2 1.08579E-1 1.12596E-1 1.20788E-1 1.24475E-1 1.30591E-1 1.24143E-1 1.25654E-1 1.27952E-1 1.22199E-1
1.12768E-4 3.8216E-4 7.09129E-4 1.07889E-3 2.76635E-3 3.262E-3 1.06765E-2 3.45415E-2 3.14652E-2 5.61313E-2 6.17147E-2 6.40953E-2 6.25939E-2 5.90169E-2 5.93965E-2 5.62207E-2 5.65855E-2 5.76934E-2 6.69181E-2 9.2486E-2 9.07912E-2 8.70406E-2 6.78827E-2 5.1825E-2 4.19809E-2 2.52013E-2 2.10356E-2 1.26805E-2 1.13435E-2 1.82613E-2 1.77513E-2 1.19833E-2 2.05022E-2 1.94872E-2 1.85891E-2 1.89002E-2 2.64282E-2 4.16808E-2 4.60964E-2 5.18658E-2 5.33726E-2 6.12321E-2 6.99911E-2 7.23294E-2 6.72856E-2 7.39968E-2 7.58133E-2 8.60394E-2 8.44704E-2 7.37195E-2 7.44318E-2 7.52536E-2 7.98E-2 8.13796E-2 8.10622E-2 8.08672E-2 8.06803E-2 7.98894E-2 8.26904E-2 9.05146E-2 9.94318E-2 1.05715E-1 1.19463E-1 1.23854E-1 1.22215E-1 1.23705E-1 1.21753E-1 1.21017E-1 1.29033E-1
3.47372E-3 4.85025E-3 2.668E-3 2.99683E-3 3.88903E-2 4.09737E-2 5.08827E-2 5.63559E-2 5.50391E-2 5.57458E-2 5.29865E-2 5.26443E-2 5.23466E-2 5.20084E-2 7.94135E-2 7.94135E-2 6.66161E-2 6.66161E-2 6.8446E-2 6.71572E-2 7.08401E-2 7.71781E-2 5.12027E-2 5.07112E-2 4.48892E-2 2.93334E-2 2.05408E-2 2.09509E-2 1.59248E-2 1.76509E-2 2.63278E-2 2.43649E-2 2.39062E-2 2.4481E-2 3.12129E-2 3.1364E-2 2.78442E-2 4.19838E-2 4.75555E-2 6.24896E-2 6.46613E-2 6.5295E-2 7.03292E-2 7.409E-2 7.9481E-2 8.33221E-2 8.63198E-2 9.08427E-2 8.5075E-2 7.84687E-2 7.79449E-2 8.79983E-2 9.28119E-2 9.21277E-2 8.89412E-2 8.65455E-2 8.30884E-2 7.85248E-2 8.00881E-2 9.52708E-2 1.04836E-1 1.10259E-1 1.15684E-1 1.18848E-1 1.23961E-1 1.2563E-1 1.21017E-1 1.19558E-1 1.10923E-1
8.80346E-2 7.37311E-2 6.94824E-2 7.07463E-2 6.19925E-2 5.48194E-2 5.37651E-2 5.0997E-2 5.09347E-2 7.40662E-2 7.45287E-2 4.87122E-2 4.99935E-2 5.54091E-2 7.4165E-2 7.10001E-2 5.71598E-2 5.89999E-2 5.6602E-2 6.37961E-2 6.40934E-2 6.17524E-2 5.7417E-2 5.31823E-2 4.80591E-2 4.39805E-2 3.1622E-2 2.75616E-2 3.12508E-2 3.32536E-2 3.99872E-2 3.84787E-2 2.90422E-2 3.55012E-2 4.15059E-2 4.21137E-2 3.87648E-2 4.14353E-2 5.03643E-2 6.36245E-2 6.64255E-2 6.61025E-2 6.75284E-2 6.78611E-2 7.18951E-2 6.95998E-2 7.74799E-2 9.61191E-2 9.86058E-2 9.92087E-2 1.0019E-1 1.09153E-1 1.08208E-1 1.03673E-1 1.00816E-1 1.06177E-1 1.04405E-1 8.99462E-2 8.66142E-2 1.00654E-1 1.13878E-1 1.19914E-1 1.19914E-1 1.21017E-1 1.29342E-1 1.22493E-1 1.1837E-1 1.17794E-1 1.19244E-1
-9999 -9999 -9999 -9999 -9999 5.02532E-2 5.0578E-2 5.22326E-2 6.36385E-2 6.74516E-2 6.29665E-2 4.4474E-2 6.76684E-2 7.46211E-2 6.5114E-2 4.65629E-2 4.35953E-2 4.10825E-2 4.10825E-2 4.66643E-2 4.01603E-2 3.48021E-2 4.52241E-2 4.56874E-2 4.25171E-2 3.87722E-2 3.76798E-2 3.01594E-2 3.05439E-2 4.05384E-2 4.31486E-2 4.6568E-2 4.22721E-2 3.90873E-2 4.05744E-2 5.2066E-2 5.43949E-2 5.36798E-2 6.0002E-2 6.39358E-2 6.35885E-2 6.87104E-2 6.70578E-2 6.89333E-2 7.34941E-2 7.23969E-2 7.11961E-2 8.94806E-2 9.40376E-2 1.00756E-1 1.12532E-1 1.02733E-1 1.11261E-1 1.09244E-1 1.1079E-1 1.13523E-1 1.22771E-1 1.12901E-1 1.04167E-1 1.09387E-1 1.16538E-1 1.20861E-1 1.19832E-1 1.20567E-1 1.15418E-1 1.21163E-1 1.25358E-1 1.26894E-1 1.26744E-1
7.86576E-2 7.41365E-2 6.80113E-2 6.80113E-2 5.55228E-2 3.8443E-2 5.09181E-2 5.79036E-2 7.30152E-2 7.77365E-2 7.25569E-2 6.94361E-2 6.10256E-2 5.87394E-2 7.33689E-2 7.16419E-2 7.47402E-2 6.62654E-2 3.94784E-2 3.52117E-2 1.43756E-2 2.30993E-2 3.44651E-2 3.16255E-2 4.37309E-2 4.39411E-2 4.23154E-2 3.62135E-2 3.53683E-2 4.8809E-2 5.07485E-2 5.30202E-2 5.00058E-2 4.29567E-2 4.54755E-2 5.822E-2 6.07973E-2 5.93812E-2 5.9667E-2 6.48299E-2 6.55133E-2 7.27194E-2 7.44261E-2 7.97216E-2 8.79105E-2 9.17E-2 7.29452E-2 8.10559E-2 8.51024E-2 6.73615E-2 6.06282E-2 6.63946E-2 9.65749E-2 9.64854E-2 9.41065E-2 9.09753E-2 1.07076E-1 9.9644E-2 9.71915E-2 1.09986E-1 1.12032E-1 1.05933E-1 7.40153E-2 6.6915E-2 3.97826E-2 6.08E-2 5.93584E-2 2.7767E-2 5.65732E-2
6.64751E-2 7.24998E-2 7.43685E-2 7.21177E-2 7.09907E-2 6.57587E-2 7.42253E-2 7.05989E-2 6.40336E-2 6.62185E-2 6.64664E-2 6.08117E-2 6.52391E-2 4.92962E-2 6.32435E-2 6.54189E-2 7.30125E-2 7.12663E-2 5.44309E-2 4.25443E-2 3.39062E-2 3.01655E-2 2.90406E-2 3.26907E-2 4.65417E-2 5.07716E-2 4.95145E-2 4.83446E-2 4.6917E-2 4.71421E-2 5.22522E-2 5.47698E-2 5.72155E-2 5.52865E-2 5.52272E-2 6.07788E-2 6.37453E-2 6.28101E-2 6.85676E-2 6.8939E-2 7.15892E-2 7.26726E-2 8.12226E-2 8.22359E-2 7.65487E-2 6.57343E-2 5.675E-2 4.97161E-2 7.52069E-2 5.44024E-2 2.12171E-2 4.56371E-2 6.36372E-2 8.37347E-2 7.78905E-2 7.86625E-2 8.68026E-2 7.70657E-2 7.37426E-2 1.14385E-1 9.98906E-2 7.40926E-2 6.79955E-2 4.22698E-2 3.67453E-2 3.38133E-2 3.51036E-2 1.55343E-2 1.32286E-2
6.67417E-2 6.14098E-2 6.10178E-2 6.06814E-2 6.72678E-2 6.78101E-2 6.78101E-2 6.66215E-2 6.40982E-2 7.45537E-2 6.99868E-2 6.29479E-2 5.64926E-2 5.45318E-2 6.14425E-2 6.51837E-2 6.68345E-2 7.62339E-2 6.82554E-2 4.53075E-2 4.07527E-2 3.90281E-2 4.09491E-2 4.68996E-2 5.07031E-2 5.25309E-2 5.27766E-2 5.21946E-2 4.90433E-2 4.90433E-2 5.36941E-2 5.63498E-2 5.80459E-2 6.06359E-2 6.44815E-2 6.54407E-2 6.99526E-2 7.25964E-2 7.38904E-2 7.53556E-2 7.49633E-2 7.59017E-2 6.84334E-2 6.66226E-2 7.18185E-2 6.74175E-2 5.27936E-2 3.38211E-2 3.52963E-2 3.7531E-2 4.35079E-2 3.95246E-2 4.59012E-2 5.46053E-2 4.84863E-2 4.82549E-2 6.08203E-2 6.76443E-2 7.41041E-2 8.45505E-2 1.02871E-1 8.84769E-2 7.27248E-2 4.79886E-2 3.77478E-2 3.45708E-2 4.13353E-2 4.78893E-2 4.13267E-2
6.42807E-2 5.49485E-2 4.9466E-2 5.47913E-2 6.42886E-2 6.09507E-2 6.33372E-2 6.88213E-2 6.20661E-2 6.34519E-2 6.30391E-2 7.13279E-2 6.32346E-2 6.32346E-2 7.59749E-2 5.34611E-2 5.52297E-2 7.36065E-2 7.13488E-2 6.17678E-2 4.92155E-2 4.85379E-2 4.65097E-2 4.92353E-2 5.51494E-2 6.00446E-2 5.82793E-2 5.20718E-2 5.20718E-2 5.06492E-2 4.94307E-2 5.02828E-2 4.6439E-2 5.10312E-2 5.57439E-2 5.85233E-2 5.97014E-2 5.53424E-2 5.51703E-2 7.1037E-2 6.53947E-2 5.6796E-2 4.96054E-2 5.2747E-2 4.76648E-2 4.52471E-2 4.14705E-2 3.46459E-2 2.81525E-2 2.50793E-2 2.77349E-2 2.46889E-2 1.30361E-2 1.31564E-2 1.30961E-2 2.92912E-2 3.42954E-2 5.43942E-2 6.5887E-2 7.11719E-2 7.34676E-2 7.71182E-2 7.49075E-2 6.93538E-2 3.31305E-2 2.83367E-2 3.88114E-2 4.85199E-2 6.17615E-2
4.33755E-2 4.07034E-2 4.55134E-2 4.40767E-2 4.57143E-2 4.97936E-2 3.735E-2 4.86915E-2 5.10109E-2 4.39762E-2 6.40644E-2 6.28809E-2 5.69987E-2 5.69987E-2 5.34611E-2 5.34611E-2 5.395E-2 5.25702E-2 7.70932E-2 7.28947E-2 6.91006E-2 5.17909E-2 5.50653E-2 5.37631E-2 5.66132E-2 5.59242E-2 5.79323E-2 4.98838E-2 4.32088E-2 3.71242E-2 3.61333E-2 3.38994E-2 2.18927E-2 5.47446E-3 1.24925E-2 2.55827E-2 2.81297E-2 1.70853E-2 3.08301E-2 4.93912E-2 4.46553E-2 3.53373E-2 3.8009E-2 3.81449E-2 1.51897E-2 1.50495E-2 1.05003E-2 9.34413E-3 1.00964E-2 2.50793E-2 1.6456E-2 1.52794E-2 1.43858E-2 1.164E-2 1.1856E-2 2.93446E-2 3.29126E-2 4.85267E-2 5.58795E-2 6.45965E-2 6.84121E-2 7.13702E-2 7.03464E-2 5.03781E-2 3.5561E-2 2.64209E-2 3.89467E-2 5.13561E-2 5.36737E-2
5.16638E-2 3.09743E-2 2.52822E-2 2.34045E-2 7.66019E-3 2.42423E-3 2.95919E-3 1.64257E-2 1.31237E-2 9.84896E-3 1.97094E-2 1.69392E-2 8.59478E-4 1.16848E-2 5.69316E-2 5.33639E-2 5.34611E-2 5.45173E-2 7.06365E-2 5.73673E-2 6.34685E-2 6.58572E-2 5.27774E-2 5.22404E-2 6.55258E-2 4.92818E-2 4.00765E-2 2.24056E-2 3.89274E-3 5.39367E-3 4.67715E-3 3.23858E-3 3.48418E-3 7.17933E-4 2.59983E-3 3.65963E-3 1.4618E-2 1.64517E-2 2.44976E-2 3.91155E-2 3.15612E-2 2.48411E-2 5.6255E-3 3.3255E-3 7.39357E-3 4.91197E-3 6.60517E-3 5.92667E-3 1.10089E-2 1.0858E-2 9.62909E-3 9.98642E-3 1.00047E-2 2.50336E-2 2.8085E-2 3.13521E-2 4.20821E-2 4.60956E-2 5.16368E-2 5.95447E-2 6.5222E-2 7.17146E-2 7.13702E-2 7.20892E-2 6.30741E-2 6.21412E-2 6.3648E-2 6.68009E-2 6.68009E-2
5.13463E-2 3.21833E-2 1.71065E-2 9.3808E-3 3.80826E-4 7.57229E-4 1.67059E-3 1.15672E-3 1.20483E-3 3.50871E-3 7.29094E-3 9.41519E-4 6.3357E-3 9.67419E-3 5.49632E-2 4.39984E-2 3.68948E-2 4.47886E-2 3.50537E-2 3.0501E-2 3.52265E-2 5.57462E-2 4.46046E-2 2.2983E-2 1.40532E-2 3.5942E-2 2.79042E-2 6.97266E-3 4.22934E-3 1.50474E-2 1.38959E-2 3.41083E-3 3.90715E-3 1.86312E-3 4.30398E-3 2.33639E-3 1.90955E-3 1.36012E-2 1.35376E-2 3.13412E-2 2.48297E-2 6.98062E-3 4.09685E-3 3.56616E-3 3.34159E-3 1.79086E-2 1.94963E-2 2.45595E-2 1.52108E-2 1.43797E-2 1.0032E-2 3.0557E-2 3.16072E-2 2.24881E-2 3.89375E-2 4.30691E-2 5.0241E-2 5.68756E-2 6.28945E-2 6.28945E-2 6.78267E-2 6.81546E-2 7.178E-2 7.31881E-2 7.03464E-2 7.00083E-2 6.70403E-2 6.86615E-2 7.108E-2
2.95469E-2 3.40271E-2 1.48972E-2 1.82023E-2 1.13845E-4 9.22055E-5 3.81394E-3 3.96901E-3 3.02805E-2 3.04257E-2 4.45537E-3 4.47964E-3 3.2619E-2 3.22233E-2 3.9643E-2 2.5997E-2 1.88398E-2 3.81425E-3 4.47267E-3 1.11395E-3 3.23755E-3 5.08826E-3 2.4265E-2 5.01782E-3 3.64934E-2 3.48995E-2 3.34596E-2 2.5247E-2 9.10261E-3 8.32661E-3 6.94269E-3 8.11593E-3 7.75423E-3 4.51877E-3 2.94067E-3 2.3984E-3 1.62489E-3 1.40969E-2 1.69506E-2 2.71735E-2 3.68782E-2 2.61181E-2 2.19744E-2 2.45908E-2 2.89421E-2 2.3988E-2 3.90393E-2 2.74296E-2 2.61583E-2 3.52112E-2 3.99504E-2 4.77878E-2 5.41077E-2 6.06179E-2 5.91671E-2 6.04153E-2 6.15968E-2 6.78929E-2 6.92402E-2 6.92313E-2 7.25197E-2 7.11239E-2 7.28727E-2 8.28117E-2 7.80374E-2 6.92989E-2 7.04715E-2 7.01296E-2 7.32448E-2
4.42383E-2 3.39306E-2 3.05007E-2 7.81774E-3 3.57465E-3 5.34573E-3 5.89829E-3 4.73799E-3 1.77146E-2 4.2206E-2 4.86829E-2 3.82981E-2 2.87883E-2 3.34155E-2 8.26299E-3 5.97723E-3 7.95331E-4 3.51099E-4 1.96874E-4 3.11399E-4 2.89594E-3 4.19298E-3 1.28961E-2 1.47329E-2 4.11542E-2 4.38017E-2 1.91822E-2 1.54695E-2 7.29535E-3 7.8118E-3 6.81843E-3 1.44741E-2 7.28359E-3 8.30199E-3 3.69921E-3 9.32392E-3 1.04384E-2 1.27707E-2 2.59333E-2 2.70876E-2 4.02454E-2 3.94239E-2 3.32583E-2 3.7194E-2 4.9255E-2 4.78616E-2 4.15799E-2 2.98741E-2 2.81919E-2 4.7926E-2 5.46569E-2 6.45076E-2 6.90458E-2 6.83708E-2 6.81322E-2 6.69037E-2 6.69037E-2 6.85634E-2 6.85634E-2 7.47342E-2 7.90569E-2 8.02128E-2 8.56245E-2 9.67629E-2 8.9965E-2 8.01496E-2 7.69037E-2 7.13762E-2 7.27898E-2
1.89505E-2 1.32791E-2 1.87091E-2 9.4617E-3 6.46093E-3 3.58762E-3 4.69248E-3 6.56206E-3 1.1974E-2 1.74634E-2 1.17206E-2 5.64187E-3 4.99391E-3 1.65639E-2 9.3299E-3 2.34231E-3 1.43837E-3 3.98878E-4 6.61579E-4 1.05551E-3 3.3562E-2 2.03956E-2 2.66255E-2 4.77664E-2 3.64076E-2 2.4757E-2 7.36729E-3 1.02389E-2 9.37355E-3 6.75225E-3 2.5256E-2 3.22169E-2 4.23016E-2 5.24282E-2 5.01812E-2 1.56611E-2 1.33584E-2 3.79916E-2 3.95215E-2 3.97137E-2 4.62567E-2 5.24417E-2 4.28104E-2 4.92134E-2 6.12233E-2 6.12233E-2 3.31518E-2 4.51797E-2 5.24056E-2 5.72413E-2 6.1536E-2 6.30714E-2 7.25179E-2 7.4571E-2 7.05615E-2 6.6157E-2 7.38616E-2 7.72244E-2 7.60827E-2 8.15843E-2 8.54369E-2 8.9214E-2 8.78961E-2 8.95515E-2 1.08797E-1 9.2628E-2 9.09965E-2 9.49004E-2 9.04003E-2
