Week 7/1_MaxEnt/output/Hippodamia_variegata_projection.asc
ncols         950
nrows         550
xllcorner     -14.0
yllcorner     49.0
cellsize      0.02
NODATA_value  -9999
[rows 279 to 309 of 550, columns 276 to 344 of 950]
5.6236E-2 4.88387E-2 4.42063E-2 4.78511E-3 3.24787E-3 5.91991E-4 8.13431E-4 2.42723E-2 1.87863E-2 1.66114E-3 3.48881E-4 5.53761E-4 7.66826E-4 3.18207E-3 3.80118E-3 8.08722E-3 1.241E-2 5.1296E-2 5.50508E-2 4.21016E-2 4.08823E-2 1.70876E-2 2.03183E-2 1.08705E-2 9.73344E-3 9.39559E-3 6.87857E-3 7.39873E-3 6.34822E-3 1.5774E-2 2.28014E-2 1.86897E-2 3.67213E-2 2.53323E-2 2.36315E-2 1.88039E-2 2.4098E-2 2.64367E-2 4.78846E-2 4.9458E-2 5.03339E-2 4.27913E-2 4.60144E-2 4.68308E-2 1.30234E-2 1.63829E-2 1.7214E-2 1.86629E-2 1.48332E-2 1.30162E-2 1.94435E-2 2.07168E-2 1.24054E-2 1.0566E-2 9.26033E-3 1.90134E-2 1.5106E-2 1.55147E-2 1.46517E-2 1.70537E-2 3.79924E-2 3.97949E-2 4.93216E-2 3.28232E-2 4.37168E-2 4.15168E-2 3.78932E-2 5.17818E-2 2.98217E-2
2.8529E-3 1.96121E-3 3.79697E-3 2.55987E-3 1.51967E-3 7.29782E-4 2.26831E-3 4.09146E-3 1.10812E-2 7.00359E-4 5.63044E-4 4.49193E-4 5.38553E-4 6.66496E-4 3.9738E-3 6.13935E-3 1.48807E-2 2.30953E-2 3.16969E-2 3.02554E-2 3.45042E-2 3.45042E-2 2.04356E-2 2.003E-2 1.15796E-2 1.16314E-2 5.00219E-3 3.84564E-3 2.24911E-3 2.22096E-3 1.176E-2 1.59178E-2 4.32316E-2 3.6883E-2 3.02937E-2 4.38384E-2 2.49236E-2 2.27171E-2 4.5282E-2 4.74563E-2 4.95469E-2 4.81174E-2 3.54196E-2 1.66725E-2 5.70836E-3 1.09324E-2 1.21387E-2 1.34953E-2 1.38186E-2 1.2959E-2 2.61438E-2 2.57517E-2 1.47194E-2 1.01366E-2 7.40165E-3 1.57706E-2 1.73648E-2 1.73932E-2 2.17624E-2 2.77215E-2 3.31081E-2 3.61008E-2 2.40859E-2 2.15333E-2 3.24178E-2 2.35539E-2 8.17111E-3 2.44559E-2 2.33855E-2
5.69186E-4 4.33498E-4 9.70127E-4 1.82171E-3 3.03945E-4 2.14734E-4 1.62771E-3 2.55459E-3 1.01293E-2 1.49695E-2 2.61013E-3 1.04083E-2 3.26107E-3 2.96735E-3 2.36356E-3 3.19479E-3 1.17474E-2 1.32824E-2 1.6378E-2 1.92272E-2 2.79566E-2 2.98395E-2 2.48225E-2 2.15994E-2 1.18406E-2 1.10476E-2 1.00151E-2 2.54272E-3 1.36389E-3 1.2189E-3 1.30014E-3 8.46801E-3 1.62162E-2 4.40997E-2 4.54093E-2 4.51437E-2 4.54093E-2 2.98421E-2 3.09025E-2 5.29148E-2 5.51399E-2 5.20135E-2 5.48208E-2 3.06296E-2 2.25958E-2 1.39291E-2 1.0853E-2 1.46959E-2 1.38612E-2 3.28956E-2 3.08573E-2 3.48236E-2 3.22441E-2 2.41243E-2 2.26293E-2 2.43626E-2 2.18219E-2 1.00289E-2 1.53793E-2 3.06117E-2 3.16026E-2 1.83591E-2 1.39968E-2 1.09594E-2 2.83971E-3 3.79968E-3 4.30324E-3 1.14122E-2 1.19795E-2
6.23268E-4 1.05051E-3 6.94773E-4 3.83288E-3 1.82114E-3 7.11883E-4 6.88413E-3 4.59503E-3 4.75889E-3 5.34756E-3 1.20045E-2 1.36361E-2 1.31244E-2 1.74955E-2 1.0803E-2 3.7491E-3 3.131E-3 2.50971E-3 2.42591E-3 1.07338E-2 5.80073E-3 1.27265E-2 1.33188E-2 2.57384E-2 4.11397E-2 1.40387E-2 1.13442E-2 2.64633E-3 2.18625E-3 1.37619E-3 1.33762E-3 2.66644E-3 4.48648E-3 1.34191E-2 1.42039E-2 4.07071E-2 4.55124E-2 3.21866E-2 3.73066E-2 3.73066E-2 4.88438E-2 5.06964E-2 5.56632E-2 5.59848E-2 4.86581E-2 3.86998E-2 1.64212E-2 2.22644E-2 2.40631E-2 3.20962E-2 3.50662E-2 4.4777E-2 4.73819E-2 5.1518E-2 4.45508E-2 4.42922E-2 3.3492E-2 2.03606E-2 2.3399E-2 1.89747E-2 1.92292E-2 1.70555E-2 4.54664E-3 4.07195E-3 2.34147E-3 2.10759E-3 3.101E-3 3.07537E-3 9.92685E-3
6.21317E-2 2.19025E-2 1.80645E-2 4.787E-3 3.554E-3 1.28641E-2 1.66826E-2 1.38288E-2 9.96909E-3 8.30739E-3 8.30739E-3 1.33955E-2 1.69126E-2 2.7203E-2 2.52869E-2 2.34876E-2 8.22781E-3 8.88804E-4 5.93433E-4 1.36311E-3 2.21297E-3 2.21297E-3 8.28342E-3 3.23097E-2 4.11397E-2 4.11397E-2 2.83341E-2 2.08679E-2 1.24856E-2 6.10517E-3 6.13195E-3 7.02282E-3 2.66644E-3 3.48262E-3 5.38544E-3 1.1794E-2 3.81693E-2 3.81693E-2 4.55517E-2 4.52853E-2 5.7004E-2 5.6338E-2 5.39656E-2 5.3339E-2 5.21966E-2 4.93391E-2 2.09335E-2 1.84625E-2 3.73634E-2 4.39944E-2 4.53014E-2 4.71841E-2 4.25727E-2 3.88068E-2 2.4188E-2 2.36636E-2 3.3695E-2 3.38824E-2 2.48018E-2 2.53511E-2 1.17431E-2 1.22612E-2 3.41852E-3 2.71663E-3 2.41175E-3 4.65304E-3 7.95547E-3 1.01172E-2 1.43677E-2
5.56235E-2 4.77798E-2 6.27361E-3 4.2687E-3 1.98386E-3 3.41363E-3 3.10619E-3 4.26648E-3 5.73729E-3 2.71036E-3 1.2586E-2 1.21995E-2 2.48907E-2 3.73005E-2 2.85434E-2 2.49875E-2 1.36103E-2 1.36103E-2 7.03028E-3 7.34123E-3 2.61862E-3 8.1168E-3 8.42405E-3 1.33418E-2 3.56209E-2 4.30017E-2 3.45843E-2 3.582E-2 2.5897E-2 2.4725E-2 1.89779E-2 1.85455E-2 2.44547E-2 2.43411E-2 2.42279E-2 3.92885E-2 4.30559E-2 4.40791E-2 4.58196E-2 4.66109E-2 4.14478E-2 4.83167E-2 5.92328E-2 5.95813E-2 5.99318E-2 5.29257E-2 5.26174E-2 5.52244E-2 5.57906E-2 5.48225E-2 5.51434E-2 5.78221E-2 5.98782E-2 3.88068E-2 1.47199E-2 1.47848E-2 1.47199E-2 2.03652E-2 2.0641E-2 9.12638E-3 6.64884E-3 4.82178E-3 6.35118E-3 1.62802E-2 1.51063E-2 7.88074E-3 2.56882E-2 8.7411E-3 2.46546E-2
7.46743E-2 6.72341E-2 8.02472E-3 6.48303E-3 2.41337E-2 2.27282E-2 3.7545E-3 3.69201E-3 7.71793E-3 8.25264E-3 8.82423E-3 5.39557E-3 2.70959E-2 4.55583E-2 2.69399E-2 5.40504E-3 5.31417E-3 6.03068E-3 1.81742E-2 1.82568E-2 1.81742E-2 1.40013E-2 9.78463E-3 2.2331E-2 4.26867E-2 4.44776E-2 3.79497E-2 2.19401E-2 2.20667E-2 2.11572E-2 2.25393E-2 4.38211E-2 4.38211E-2 4.18353E-2 4.33704E-2 5.17992E-2 5.21052E-2 5.28587E-2 5.31708E-2 4.66109E-2 4.60675E-2 5.11316E-2 5.68447E-2 6.02237E-2 5.98715E-2 5.32319E-2 5.44899E-2 5.55476E-2 5.33235E-2 5.70765E-2 5.91069E-2 6.82768E-2 4.70161E-2 1.18265E-2 1.42947E-2 1.08882E-2 1.0473E-2 1.78287E-2 1.76709E-2 1.70536E-2 5.50662E-3 6.25903E-3 7.80507E-3 1.85532E-2 1.97432E-2 2.08231E-2 2.55724E-2 1.3844E-2 2.50702E-2
9.10758E-2 9.26767E-2 9.00232E-2 8.74419E-2 8.59272E-2 5.94631E-2 5.84333E-2 3.09132E-2 2.42476E-2 1.49361E-2 3.73876E-2 4.75486E-2 4.672E-2 2.52707E-2 1.66153E-2 4.46622E-3 4.26266E-3 2.89306E-3 2.64895E-3 2.41903E-3 2.0151E-3 6.07073E-3 8.86848E-4 4.36526E-3 5.66125E-3 2.50091E-2 2.81028E-2 1.48694E-2 1.24763E-2 7.79457E-3 9.93423E-3 1.51007E-2 1.76209E-2 3.2888E-2 3.65684E-2 4.01804E-2 3.02746E-2 4.43976E-2 4.54519E-2 4.54519E-2 5.46204E-2 5.49426E-2 5.68447E-2 6.01934E-2 6.01934E-2 6.01934E-2 6.31667E-2 6.31667E-2 6.54454E-2 6.87029E-2 7.03254E-2 6.87029E-2 1.22614E-2 6.42014E-3 9.78233E-3 2.18055E-2 1.27286E-2 1.28401E-2 1.16652E-2 1.20381E-2 1.02146E-2 1.10407E-2 3.50548E-2 3.62871E-2 4.69064E-2 4.77252E-2 4.50698E-2 5.88707E-2 7.19556E-2
4.97779E-2 7.77758E-2 7.12264E-2 6.95977E-2 6.14961E-2 4.62917E-2 8.15008E-2 4.71329E-2 4.09844E-2 4.38211E-2 4.78503E-2 4.64686E-2 4.75827E-2 8.31467E-3 7.73116E-3 6.96847E-3 1.28586E-3 1.26031E-3 1.27332E-3 2.15024E-3 2.58123E-3 2.21366E-3 7.30641E-4 2.25971E-3 5.80496E-3 9.40615E-3 1.47985E-2 1.26723E-2 8.29204E-3 6.33203E-3 2.0521E-3 2.2186E-3 2.96598E-3 2.97832E-3 6.05172E-3 7.51591E-3 1.89201E-2 1.17869E-2 4.24398E-2 4.34486E-2 5.39814E-2 5.46204E-2 5.9051E-2 5.87055E-2 6.14978E-2 6.14978E-2 6.43036E-2 6.35552E-2 6.62152E-2 6.43068E-2 5.21214E-2 4.80221E-2 3.46319E-2 1.65887E-2 1.98341E-2 1.99054E-2 1.17672E-2 8.8036E-3 1.28438E-2 1.27879E-2 1.45095E-2 2.85329E-2 7.16955E-2 7.25294E-2 7.64199E-2 7.59803E-2 7.51083E-2 7.98114E-2 7.57954E-2
3.13216E-2 2.61844E-2 2.28116E-2 3.22729E-2 3.51431E-2 4.41695E-2 7.67341E-2 7.80938E-2 6.43115E-2 6.3192E-2 6.0036E-2 5.01535E-2 3.90276E-2 3.70284E-2 1.22115E-2 1.07327E-2 1.88271E-3 1.27558E-3 1.40507E-3 1.56984E-3 1.36838E-2 1.41216E-2 3.55857E-3 3.04153E-3 5.06005E-3 3.00934E-2 2.08422E-2 1.82748E-2 2.75717E-3 1.84387E-3 1.3946E-3 1.60397E-3 1.38768E-3 1.4104E-3 1.31099E-3 2.05365E-3 2.12302E-3 1.96862E-2 3.96919E-2 4.2593E-2 4.36054E-2 5.50842E-2 5.57358E-2 5.6673E-2 6.23825E-2 6.23825E-2 6.23825E-2 6.56938E-2 6.56938E-2 6.85619E-2 5.42317E-2 5.03349E-2 7.05246E-2 3.7722E-2 3.56353E-2 1.65982E-2 3.46145E-2 3.57935E-2 3.73011E-2 3.97429E-2 4.57599E-2 6.48649E-2 6.87375E-2 7.84063E-2 7.84063E-2 8.22282E-2 8.17567E-2 1.01464E-1 9.74689E-2
4.91658E-2 2.25822E-2 4.49119E-2 4.96163E-2 3.90076E-2 4.0398E-2 4.34891E-2 4.26587E-2 5.02869E-2 4.97019E-2 4.77059E-2 4.70249E-2 4.70249E-2 2.43862E-2 3.35604E-2 3.53611E-2 2.91875E-2 8.76065E-3 5.78163E-3 2.05855E-3 1.40645E-2 4.52608E-2 4.47328E-2 3.80318E-2 3.34393E-2 2.61414E-2 2.66277E-2 1.42501E-2 1.30358E-2 2.36065E-3 1.0642E-3 2.18233E-4 1.9292E-4 8.5939E-4 1.02544E-3 3.48261E-3 5.03189E-3 2.23508E-2 3.53395E-2 4.40378E-2 4.35238E-2 2.64016E-2 1.93863E-2 3.48676E-2 3.98843E-2 4.46725E-2 5.65332E-2 6.69937E-2 6.69937E-2 6.69937E-2 7.00407E-2 7.45419E-2 8.47766E-2 6.41017E-2 6.33614E-2 6.22663E-2 5.0906E-2 5.08885E-2 6.40285E-2 6.94229E-2 6.94229E-2 7.18756E-2 7.53436E-2 7.93149E-2 7.93149E-2 9.86643E-2 1.02605E-1 1.02605E-1 7.15354E-2
6.4168E-2 5.53096E-2 5.53096E-2 4.97019E-2 4.74272E-2 4.03146E-2 4.03146E-2 3.85776E-2 3.81295E-2 2.66523E-2 2.27945E-2 2.24661E-2 2.06672E-2 1.6198E-2 7.73305E-3 3.77546E-2 4.16933E-2 2.78013E-2 1.9722E-2 1.61537E-2 1.68353E-2 5.18961E-2 5.15937E-2 1.42973E-2 8.56951E-3 4.23567E-3 1.02109E-3 1.015E-2 1.11356E-2 1.07021E-2 2.60573E-3 1.66264E-3 2.4503E-4 1.24986E-3 1.45499E-3 1.87689E-3 1.24634E-2 1.88078E-2 3.55469E-2 4.22642E-2 2.62247E-2 2.17605E-2 7.55954E-3 1.06219E-2 4.55204E-2 4.65136E-2 6.01526E-2 6.37824E-2 6.79205E-2 6.83183E-2 7.12965E-2 6.60858E-2 8.29364E-2 8.10214E-2 6.81731E-2 6.54406E-2 5.97455E-2 6.2956E-2 6.55327E-2 6.70709E-2 8.761E-2 8.81175E-2 9.1907E-2 9.1907E-2 1.00884E-1 1.01464E-1 7.28103E-2 6.95424E-2 4.07456E-2
6.12307E-2 6.19526E-2 4.42025E-2 4.06062E-2 4.06062E-2 3.94383E-2 3.10563E-2 2.73218E-2 2.63314E-2 4.07343E-3 3.14035E-3 3.47312E-3 2.38056E-3 2.35109E-3 4.72849E-3 7.31986E-3 4.26374E-2 5.05384E-2 5.2814E-2 5.2814E-2 4.96895E-2 6.32588E-2 3.86238E-2 3.04399E-2 2.86054E-3 1.46411E-3 8.83181E-4 8.49216E-4 4.45239E-3 5.71478E-3 3.01199E-3 2.41545E-3 1.48361E-3 2.16497E-3 2.39134E-3 8.68106E-3 2.77385E-2 3.61108E-2 3.52757E-2 7.67594E-3 2.63009E-3 2.12819E-3 3.16718E-3 4.57987E-3 7.7637E-3 5.04876E-2 6.37824E-2 6.53616E-2 8.02992E-2 8.12433E-2 8.12433E-2 8.49128E-2 8.84278E-2 6.91595E-2 6.13143E-2 4.94408E-2 5.22722E-2 6.0467E-2 6.84997E-2 7.64313E-2 8.24211E-2 1.04026E-1 1.05233E-1 9.44922E-2 9.58025E-2 8.29287E-2 6.07367E-2 4.33576E-2 3.82118E-2
5.95079E-2 6.05642E-2 4.29335E-2 4.21893E-2 4.20377E-2 4.10684E-2 2.61566E-2 2.26503E-2 1.96542E-2 9.45338E-3 2.32122E-3 1.62386E-3 2.7754E-3 2.08406E-3 2.05826E-3 1.7926E-3 1.16512E-2 1.49593E-2 6.40536E-2 6.40536E-2 6.40536E-2 6.32588E-2 3.74822E-2 2.91945E-2 2.10028E-2 5.3392E-3 4.84881E-3 9.46955E-4 2.81026E-3 1.66617E-3 1.04319E-3 5.35273E-4 8.87764E-4 3.04251E-3 1.40421E-2 1.87611E-2 2.31996E-2 2.72244E-2 2.72244E-2 7.47924E-3 3.84945E-3 1.22866E-3 1.3421E-3 8.77286E-3 1.54733E-2 6.22087E-2 6.18453E-2 6.53616E-2 6.71316E-2 8.24581E-2 8.34264E-2 8.65769E-2 6.76968E-2 7.19203E-2 7.19203E-2 5.98998E-2 6.10273E-2 5.75408E-2 6.58694E-2 7.64313E-2 8.24211E-2 9.11581E-2 8.2627E-2 3.48836E-2 3.06607E-2 4.52388E-2 5.63407E-2 4.56528E-2 6.58172E-2
5.51733E-2 4.55744E-2 4.7206E-2 5.90838E-2 4.22835E-2 4.21712E-2 3.84119E-2 2.73995E-2 2.54821E-2 1.40318E-2 1.56577E-2 1.52732E-3 1.61665E-3 4.0023E-3 3.40641E-3 1.45142E-3 1.45732E-3 6.63933E-3 1.77401E-2 6.54387E-2 6.54387E-2 5.56292E-2 5.56292E-2 1.94306E-2 4.72653E-3 6.3167E-4 5.47289E-4 9.88137E-4 1.04947E-3 1.29495E-3 9.24278E-4 1.42046E-3 2.80669E-3 3.73729E-3 1.81898E-2 2.78627E-2 3.167E-2 3.25648E-2 3.61803E-2 4.57734E-2 6.27E-3 1.85025E-3 1.88019E-3 3.10512E-2 4.49067E-2 5.78582E-2 6.45511E-2 6.71316E-2 6.87029E-2 6.91051E-2 8.45682E-2 8.45682E-2 6.91595E-2 7.19203E-2 6.44842E-2 6.09645E-2 6.79071E-2 7.06321E-2 8.9559E-2 8.23411E-2 8.67436E-2 8.98021E-2 3.17974E-2 2.8695E-2 4.317E-2 5.29171E-2 6.47796E-2 7.94276E-2 8.03E-2
4.23597E-2 5.03464E-2 4.66559E-2 5.15381E-2 5.14217E-2 5.08475E-2 4.71212E-2 2.68884E-2 2.41747E-2 2.60054E-2 3.36787E-2 3.74995E-3 6.0191E-3 2.22818E-3 2.40109E-3 3.63637E-3 8.01847E-3 8.84903E-3 1.00137E-2 3.63935E-2 6.64964E-2 6.64964E-2 5.07564E-2 5.05992E-4 3.27519E-4 3.04806E-4 1.32252E-3 2.28306E-3 4.20202E-3 4.29308E-3 5.1049E-3 6.46625E-3 1.96134E-2 2.39683E-2 3.23109E-2 3.19373E-2 3.26042E-2 4.55025E-2 4.10856E-2 4.86522E-2 4.66879E-2 4.7516E-2 4.21169E-2 4.36156E-2 6.26403E-2 6.26403E-2 6.49984E-2 6.42423E-2 6.67255E-2 6.94939E-2 8.55738E-2 8.45818E-2 6.98644E-2 5.99291E-2 5.95597E-2 6.32792E-2 7.39665E-2 8.81903E-2 8.14819E-2 8.29108E-2 5.34822E-2 5.02017E-2 5.25112E-2 6.1743E-2 6.1743E-2 7.51484E-2 7.89715E-2 7.94276E-2 8.21693E-2
2.86213E-2 2.68577E-2 3.20459E-2 3.29911E-2 4.69927E-2 5.13056E-2 5.18365E-2 4.72026E-2 1.64544E-2 1.74439E-2 3.9908E-2 4.25524E-2 9.36188E-3 1.16339E-2 2.66344E-3 2.37115E-3 6.82156E-3 1.01104E-2 4.24716E-2 5.72442E-2 6.8296E-2 6.8296E-2 7.19997E-3 2.57519E-3 3.40145E-4 8.77944E-4 5.47354E-3 8.44239E-3 1.0344E-2 7.99444E-3 7.97708E-3 9.5846E-3 4.1572E-2 4.56665E-2 4.73013E-2 4.00972E-2 5.61112E-2 5.64419E-2 4.95628E-2 4.67433E-2 5.07364E-2 5.08275E-2 4.36156E-2 4.31104E-2 5.25852E-2 5.42833E-2 5.33407E-2 5.4157E-2 6.67104E-2 6.82876E-2 7.07208E-2 8.51948E-2 6.77919E-2 5.77927E-2 6.08094E-2 7.01922E-2 6.89964E-2 5.76129E-2 5.82829E-2 5.94258E-2 5.87431E-2 6.78884E-2 6.82829E-2 7.59803E-2 7.59803E-2 7.82689E-2 7.82689E-2 8.17567E-2 8.12878E-2
2.18536E-2 6.29717E-3 9.38371E-3 1.25948E-2 1.27075E-2 4.05077E-2 5.59246E-2 6.03247E-2 5.10229E-2 2.59481E-2 2.62478E-2 4.35595E-2 2.06064E-2 6.07243E-2 5.86401E-2 1.80336E-2 1.67081E-2 1.4994E-2 5.15343E-2 5.18365E-2 7.00179E-2 6.59946E-2 5.80131E-2 4.56636E-3 4.18545E-3 2.3005E-3 2.72269E-3 3.24512E-2 3.28306E-2 3.62252E-2 3.43671E-2 5.34119E-2 5.7994E-2 4.92736E-2 4.92736E-2 4.12698E-2 4.12698E-2 5.64419E-2 5.90243E-2 6.00119E-2 6.00119E-2 6.07673E-2 6.00588E-2 5.22788E-2 5.22788E-2 5.28857E-2 5.07654E-2 5.19386E-2 5.31669E-2 6.72396E-2 8.36589E-2 8.85506E-2 8.90673E-2 6.83665E-2 6.63984E-2 7.70701E-2 7.98026E-2 5.82829E-2 6.85672E-2 6.85672E-2 8.20975E-2 7.34935E-2 7.43474E-2 7.73064E-2 7.64199E-2 9.49451E-2 9.80856E-2 1.0087E-1 1.0087E-1
4.13163E-2 1.07818E-2 1.04116E-2 1.13233E-2 6.54745E-3 2.0924E-2 2.86032E-2 7.1218E-2 7.2053E-2 4.87878E-2 4.49731E-2 4.23701E-2 4.02034E-2 5.76241E-2 7.34168E-2 6.5844E-2 6.24658E-2 2.86132E-2 2.73301E-2 6.33958E-2 6.76079E-2 4.73905E-2 4.52357E-2 4.09695E-2 3.79494E-2 2.40981E-2 5.38284E-2 5.62034E-2 5.62034E-2 5.39539E-2 4.25925E-2 5.7994E-2 5.90243E-2 5.13738E-2 5.8784E-2 5.8784E-2 5.913E-2 5.90243E-2 5.90243E-2 5.90243E-2 5.22096E-2 5.19053E-2 5.29389E-2 6.31699E-2 6.28011E-2 6.0665E-2 4.86368E-2 4.92097E-2 6.2664E-2 7.84508E-2 8.03077E-2 8.22066E-2 8.9649E-2 9.01718E-2 9.30719E-2 9.04077E-2 7.8425E-2 7.8425E-2 6.9366E-2 9.97223E-2 8.6316E-2 8.58183E-2 8.92136E-2 8.92136E-2 9.64363E-2 9.64363E-2 8.40635E-2 8.3582E-2 9.19276E-2
4.59398E-2 3.01092E-2 3.0469E-2 2.75547E-2 1.34676E-2 1.4462E-2 3.15164E-2 6.63998E-2 6.2994E-2 4.4831E-2 5.50447E-2 4.92592E-2 3.06206E-2 6.08959E-2 6.38177E-2 6.38177E-2 4.44244E-2 5.67975E-2 6.53469E-2 6.53469E-2 6.76266E-2 6.94904E-2 5.5169E-2 5.29597E-2 5.24421E-2 5.49503E-2 5.70623E-2 6.16544E-2 6.09458E-2 5.95436E-2 5.51257E-2 5.32281E-2 5.10742E-2 5.13738E-2 5.13498E-2 5.13498E-2 6.02738E-2 6.02738E-2 6.04896E-2 5.21852E-2 5.32242E-2 5.32242E-2 6.35904E-2 6.35904E-2 6.50817E-2 5.8224E-2 5.44995E-2 5.88256E-2 7.52065E-2 7.47668E-2 7.63348E-2 7.95275E-2 8.80978E-2 8.9649E-2 9.18847E-2 6.64722E-2 4.4864E-2 4.13759E-2 8.57499E-2 5.4253E-2 5.58466E-2 6.96508E-2 8.6227E-2 8.28036E-2 8.25199E-2 7.87785E-2 2.76068E-2 2.71007E-2 4.66246E-2
3.95768E-2 3.73313E-2 3.02922E-2 2.64465E-2 1.52887E-2 1.46232E-2 2.0774E-2 1.94972E-2 2.87667E-2 4.10786E-2 5.50447E-2 6.65883E-2 6.73711E-2 6.46842E-2 5.55137E-2 6.72361E-2 6.79393E-2 6.87373E-2 6.67589E-2 6.66402E-2 6.90861E-2 7.11307E-2 6.85962E-2 6.62335E-2 6.58474E-2 5.77003E-2 5.95393E-2 6.05879E-2 6.05879E-2 6.00217E-2 5.69562E-2 4.62376E-2 5.18365E-2 5.15343E-2 5.24666E-2 5.25852E-2 5.25852E-2 5.15103E-2 5.06817E-2 5.03861E-2 5.1278E-2 4.62018E-2 4.64713E-2 6.56642E-2 6.69635E-2 6.24235E-2 5.2647E-2 6.77013E-2 6.60709E-2 6.95298E-2 6.5208E-2 7.42337E-2 8.69245E-2 7.77728E-2 7.73223E-2 5.50537E-2 4.62558E-2 3.65621E-2 3.63948E-2 3.82284E-2 5.00269E-2 5.8611E-2 6.32153E-2 3.76797E-2 3.3635E-2 2.21044E-2 2.17158E-2 2.43429E-2 2.22142E-2
4.38024E-2 3.51433E-2 2.25842E-2 1.80139E-2 1.7535E-2 2.03461E-2 2.11926E-2 2.43479E-2 3.22455E-2 4.45479E-2 6.71165E-2 6.78712E-2 6.82687E-2 6.85121E-2 6.89132E-2 6.80262E-2 6.80262E-2 7.03994E-2 6.91779E-2 6.8045E-2 7.00601E-2 6.91051E-2 5.59658E-2 5.85668E-2 5.63623E-2 5.93227E-2 6.17887E-2 5.82182E-2 6.87184E-2 5.77767E-2 5.61169E-2 5.38495E-2 5.3536E-2 5.24666E-2 5.24666E-2 6.37359E-2 6.33639E-2 5.04729E-2 4.81639E-2 4.90827E-2 5.20394E-2 4.59338E-2 4.64713E-2 6.55802E-2 6.80791E-2 5.86231E-2 6.00044E-2 7.52325E-2 7.13912E-2 5.48838E-2 6.12527E-2 7.35101E-2 8.91433E-2 7.73223E-2 7.46712E-2 6.77983E-2 5.0251E-2 3.7399E-2 3.70578E-2 4.52087E-2 4.73399E-2 4.97974E-2 5.67844E-2 3.48987E-2 3.29329E-2 3.05055E-2 2.04995E-2 2.29839E-2 2.25799E-2
5.28441E-2 5.49463E-2 5.39925E-2 2.78876E-2 2.78876E-2 4.68905E-2 4.68905E-2 4.68905E-2 5.52639E-2 6.67255E-2 6.67255E-2 6.70829E-2 5.71745E-2 5.78448E-2 6.96176E-2 7.06501E-2 7.06501E-2 7.03994E-2 6.91779E-2 7.00987E-2 6.96717E-2 4.95474E-2 5.01262E-2 6.81662E-2 6.74759E-2 6.70829E-2 6.85275E-2 4.49098E-2 6.36896E-2 6.71316E-2 5.78759E-2 5.55614E-2 6.3124E-2 5.43806E-2 5.50191E-2 5.56649E-2 6.2994E-2 4.23937E-2 3.39422E-2 3.80305E-2 5.30756E-2 5.52896E-2 5.85457E-2 5.82056E-2 5.87279E-2 5.63804E-2 4.59057E-2 4.6443E-2 7.22282E-2 8.18156E-2 7.35101E-2 7.93271E-2 7.6505E-2 7.43121E-2 6.98064E-2 5.90068E-2 2.82948E-2 2.74149E-2 2.02086E-2 2.02086E-2 4.68662E-2 4.095E-2 4.14683E-2 4.14683E-2 2.98198E-2 2.98198E-2 2.42523E-2 2.36097E-2 2.34034E-2
5.7103E-2 5.7103E-2 5.68463E-2 5.61872E-2 5.58604E-2 5.65158E-2 4.09532E-2 4.11909E-2 4.09532E-2 4.07168E-2 3.39999E-2 3.39999E-2 5.71745E-2 4.93952E-2 5.0379E-2 5.0379E-2 8.34531E-2 8.39415E-2 8.62397E-2 8.47448E-2 7.08307E-2 7.25014E-2 7.14233E-2 6.93705E-2 6.43926E-2 5.51443E-2 5.36271E-2 4.76021E-2 6.55984E-2 6.63699E-2 5.55614E-2 4.39645E-2 6.31589E-2 6.8303E-2 4.94798E-2 4.69585E-2 2.89999E-2 2.23385E-2 2.25416E-2 4.56252E-2 5.6161E-2 5.7152E-2 5.85457E-2 5.82056E-2 5.92548E-2 4.51924E-2 3.33529E-2 3.1553E-2 7.36329E-2 8.42385E-2 7.85351E-2 7.46712E-2 7.74593E-2 7.3082E-2 6.6858E-2 5.61255E-2 3.76546E-2 2.29099E-2 1.94539E-2 1.94539E-2 1.94539E-2 4.05771E-2 4.05771E-2 2.46279E-2 2.95947E-2 2.94615E-2 2.89348E-2 2.38317E-2 2.45901E-2
5.7103E-2 5.8341E-2 5.76652E-2 5.66919E-2 4.77399E-2 4.88625E-2 4.21553E-2 4.23998E-2 4.97001E-2 4.93027E-2 4.89752E-2 4.86915E-2 4.86915E-2 4.96404E-2 4.96404E-2 5.88056E-2 7.1138E-2 7.1138E-2 7.3241E-2 8.72503E-2 8.8958E-2 8.72969E-2 7.38733E-2 7.21722E-2 6.42166E-2 4.79314E-2 4.61532E-2 5.26406E-2 6.41988E-2 6.68964E-2 6.3466E-2 6.02998E-2 7.1443E-2 6.99006E-2 6.90896E-2 4.46428E-2 3.92684E-2 2.5571E-2 4.68503E-2 5.03749E-2 4.69825E-2 4.93108E-2 4.73453E-2 5.99487E-2 5.92548E-2 3.46474E-2 2.52228E-2 2.87111E-2 3.56744E-2 8.56149E-2 7.62725E-2 6.58273E-2 6.39442E-2 5.11014E-2 4.60269E-2 3.95999E-2 3.74825E-2 3.74096E-2 3.75814E-2 3.90757E-2 3.80167E-2 2.31634E-2 2.45512E-2 2.46279E-2 2.46279E-2 2.56953E-2 2.60423E-2 1.73378E-2 2.14563E-2
5.64632E-2 5.69969E-2 5.69969E-2 5.75087E-2 5.71745E-2 4.97467E-2 5.03277E-2 6.04107E-2 6.00601E-2 4.2853E-2 4.23603E-2 4.93067E-2 4.93067E-2 4.96404E-2 5.96518E-2 6.01867E-2 6.05379E-2 7.2028E-2 7.37258E-2 8.84419E-2 8.8958E-2 8.90055E-2 8.95247E-2 8.84278E-2 8.00797E-2 5.33058E-2 5.06177E-2 5.55058E-2 7.36329E-2 6.68813E-2 6.84624E-2 7.02041E-2 7.1443E-2 8.40899E-2 5.9149E-2 5.37204E-2 5.15675E-2 4.73983E-2 4.55072E-2 3.2007E-2 3.47028E-2 2.90589E-2 3.1634E-2 4.78579E-2 5.16103E-2 6.18193E-2 5.15082E-2 4.32015E-2 5.29474E-2 5.32552E-2 7.53905E-2 7.49532E-2 6.30346E-2 5.98714E-2 5.51804E-2 4.84435E-2 2.8346E-2 2.74646E-2 3.75814E-2 3.47667E-2 2.92473E-2 2.39282E-2 3.36097E-2 3.50126E-2 4.2344E-2 4.32964E-2 4.32964E-2 3.55604E-2 3.00098E-2
5.61349E-2 5.64632E-2 5.71745E-2 5.71745E-2 5.83097E-2 5.90709E-2 5.97628E-2 6.01116E-2 5.90203E-2 5.96284E-2 4.27427E-2 4.27261E-2 4.27261E-2 4.27261E-2 6.00001E-2 6.00001E-2 7.24127E-2 7.35786E-2 7.48746E-2 7.53115E-2 9.10172E-2 9.15475E-2 9.09541E-2 9.09541E-2 8.45636E-2 7.47909E-2 5.78308E-2 6.99399E-2 7.49521E-2 8.08781E-2 8.53316E-2 8.78536E-2 8.55738E-2 8.45818E-2 7.12092E-2 7.03836E-2 5.87279E-2 5.87279E-2 5.96795E-2 4.94668E-2 2.94678E-2 2.41941E-2 2.78667E-2 3.69582E-2 6.29068E-2 6.29068E-2 6.17047E-2 6.09911E-2 7.73994E-2 7.60615E-2 6.32056E-2 6.24752E-2 6.12287E-2 5.87844E-2 5.69811E-2 5.16687E-2 4.86451E-2 4.56083E-2 3.33233E-2 3.36276E-2 3.69922E-2 2.96744E-2 4.17277E-2 4.28878E-2 4.2344E-2 4.2344E-2 4.54442E-2 4.46222E-2 4.97668E-2
4.06436E-2 4.06436E-2 5.75087E-2 5.71745E-2 5.94944E-2 5.71172E-2 5.92548E-2 5.92548E-2 5.89381E-2 5.89381E-2 4.24963E-2 5.07415E-2 5.1015E-2 5.1015E-2 6.14368E-2 7.40082E-2 7.44402E-2 8.91291E-2 8.93338E-2 8.98549E-2 9.10172E-2 9.15475E-2 9.32207E-2 9.2617E-2 9.14841E-2 8.83475E-2 8.33772E-2 7.95702E-2 8.0506E-2 8.38202E-2 8.81779E-2 8.921E-2 8.7652E-2 8.71432E-2 8.91624E-2 8.87399E-2 6.4072E-2 5.87194E-2 5.22523E-2 3.94297E-2 3.48853E-2 2.81942E-2 3.67156E-2 4.68017E-2 5.28709E-2 6.55118E-2 6.51327E-2 6.73195E-2 8.44567E-2 7.69721E-2 6.53783E-2 6.73697E-2 7.05902E-2 7.29741E-2 6.25383E-2 6.03938E-2 5.56631E-2 4.1563E-2 4.11847E-2 3.66583E-2 5.58435E-2 5.71014E-2 5.97744E-2 4.66333E-2 4.39474E-2 3.65033E-2 4.52373E-2 5.92043E-2 6.20651E-2
4.85379E-2 4.88207E-2 4.85379E-2 4.93952E-2 4.93952E-2 5.22805E-2 4.50339E-2 4.66339E-2 4.94245E-2 5.97307E-2 6.10805E-2 6.11896E-2 6.11896E-2 6.09716E-2 6.09716E-2 7.40082E-2 7.40082E-2 7.66789E-2 7.80272E-2 9.26318E-2 9.26318E-2 9.26812E-2 9.32207E-2 8.94435E-2 7.57716E-2 9.2292E-2 9.2292E-2 8.7171E-2 8.7741E-2 8.75257E-2 9.06346E-2 9.08427E-2 9.08427E-2 8.96825E-2 9.02055E-2 7.66367E-2 7.35786E-2 4.23365E-2 3.71463E-2 2.51086E-2 2.43265E-2 2.8323E-2 3.86234E-2 6.62436E-2 7.35786E-2 7.77127E-2 7.63696E-2 6.61796E-2 6.46611E-2 4.69074E-2 4.8691E-2 5.41989E-2 6.05458E-2 7.46933E-2 7.55674E-2 6.80556E-2 6.57286E-2 5.01641E-2 5.01641E-2 5.29851E-2 5.54982E-2 6.99178E-2 1.08528E-1 3.78317E-2 3.29362E-2 3.16282E-2 3.59611E-2 5.51717E-2 5.82522E-2
4.10687E-2 4.13815E-2 4.11427E-2 5.69928E-2 5.28288E-2 3.09103E-2 3.01319E-2 4.52237E-2 5.25869E-2 5.7291E-2 6.07262E-2 6.10805E-2 7.41396E-2 7.51988E-2 7.51988E-2 7.62725E-2 7.58303E-2 7.58303E-2 6.57406E-2 9.25332E-2 9.41583E-2 9.38781E-2 9.3335E-2 6.48965E-2 7.44979E-2 8.99172E-2 9.25677E-2 9.31066E-2 9.1919E-2 9.1919E-2 9.32704E-2 9.1919E-2 9.03306E-2 8.82532E-2 8.7064E-2 8.21318E-2 5.89206E-2 2.47472E-2 2.36532E-2 2.36532E-2 1.72621E-2 1.71855E-2 3.44609E-2 5.84334E-2 7.29324E-2 7.68531E-2 5.64921E-2 4.61097E-2 4.72296E-2 4.35728E-2 4.64774E-2 5.26621E-2 6.39561E-2 6.69951E-2 6.97673E-2 7.09892E-2 1.04322E-1 1.05532E-1 1.03831E-1 1.02048E-1 9.10467E-2 9.97335E-2 8.45226E-2 7.79817E-2 5.55515E-2 4.96289E-2 4.82359E-2 4.71492E-2 7.66277E-2
4.93952E-2 4.93952E-2 4.95727E-2 4.70468E-2 3.65923E-2 2.96692E-2 2.45685E-2 2.67437E-2 4.36595E-2 4.68179E-2 6.0915E-2 6.19871E-2 7.41396E-2 7.67171E-2 7.75366E-2 7.75366E-2 6.5507E-2 6.5507E-2 7.6505E-2 7.73994E-2 9.549E-2 9.4938E-2 6.48965E-2 6.48965E-2 7.49326E-2 9.13525E-2 9.34991E-2 9.51403E-2 9.43088E-2 9.43088E-2 9.27306E-2 9.11288E-2 8.91909E-2 8.86735E-2 6.29314E-2 5.70028E-2 3.27186E-2 2.88623E-2 3.8336E-2 3.99649E-2 3.03324E-2 3.01577E-2 3.50992E-2 5.11288E-2 7.50319E-2 7.72452E-2 6.13906E-2 4.76454E-2 4.36513E-2 4.98943E-2 4.82211E-2 5.76937E-2 6.84526E-2 6.96523E-2 7.04634E-2 8.53345E-2 1.12157E-1 1.12157E-1 1.16894E-1 1.16226E-1 1.12295E-1 9.58025E-2 8.21286E-2 7.88856E-2 7.61658E-2 6.94378E-2 6.49445E-2 6.08529E-2 7.28617E-2
