Week 7/1_MaxEnt/output/Hippodamia_variegata_projection_novel.asc
ncols         950
nrows         550
xllcorner     -14.0
yllcorner     49.0
cellsize      0.02
NODATA_value  -9999
[rows 217 to 247 of 550, columns 568 to 638 of 950]
3.88142E1 3.60707E1 3.60707E1 3.88142E1 4.20365E1 4.20365E1 4.20365E1 4.20365E1 4.20365E1 4.87387E1 4.87387E1 5.54042E1 5.26607E1 4.86467E1 4.09869E1 3.87037E1 3.71755E1 3.46897E1 3.22224E1 2.83005E1 2.83005E1 2.91291E1 3.5371E1 3.95323E1 4.77444E1 4.52955E1 4.52955E1 4.52955E1 4.87387E1 4.52955E1 4.52955E1 4.87387E1 4.87387E1 4.87387E1 4.52955E1 5.54042E1 5.54042E1 3.46897E1 1.82839E1 7.84386E0 -9999 -9999 -9999 -9999 -9999 -9999 -9999 -9999 -9999 -9999 -9999 -9999 -9999 -9999 -9999 -9999 -9999 -9999 -9999 -9999 -9999 -9999 -9999 -9999 -9999 -9999 -9999 -9999 -9999 -9999 -9999
3.33272E1 3.88142E1 3.88142E1 3.88142E1 3.88142E1 4.52955E1 4.52955E1 5.18873E1 5.18873E1 5.54042E1 5.02117E1 4.77444E1 4.46879E1 4.86467E1 3.88142E1 3.88142E1 4.52955E1 5.45756E1 4.93832E1 5.16848E1 5.54042E1 4.52955E1 4.52955E1 4.87387E1 3.71755E1 4.86467E1 5.87553E1 5.87553E1 4.87387E1 4.87387E1 4.52955E1 4.52955E1 4.87387E1 4.87387E1 4.20365E1 4.20365E1 4.87387E1 4.87387E1 4.38409E1 1.87627E1 1.22629E1 7.84386E0 -9999 -9999 -9999 -9999 -9999 -9999 -9999 -9999 -9999 -9999 -9999 -9999 -9999 -9999 -9999 -9999 -9999 -9999 -9999 -9999 -9999 -9999 -9999 -9999 -9999 -9999 -9999 -9999 -9999
3.60707E1 3.60707E1 3.60707E1 3.60707E1 4.20365E1 4.52955E1 4.52955E1 5.18873E1 4.87387E1 4.87387E1 4.86467E1 4.20365E1 4.20365E1 3.60707E1 3.60707E1 3.60707E1 4.52955E1 4.52955E1 4.87387E1 4.87387E1 4.52955E1 4.52955E1 4.52955E1 4.52955E1 4.87387E1 4.87387E1 4.70632E1 5.45756E1 5.54042E1 5.54042E1 4.52955E1 4.52955E1 4.87387E1 4.52955E1 4.52955E1 3.88142E1 4.52955E1 4.52955E1 4.52955E1 6.32664E1 4.46879E1 1.75842E1 7.84386E0 7.84386E0 7.84386E0 7.84386E0 7.84386E0 -9999 -9999 -9999 -9999 -9999 -9999 -9999 -9999 -9999 -9999 -9999 -9999 -9999 -9999 -9999 -9999 -9999 -9999 -9999 -9999 -9999 -9999 -9999 -9999
4.87387E1 4.87387E1 4.87387E1 4.87387E1 5.18873E1 5.18873E1 5.18873E1 5.18873E1 4.87387E1 4.87387E1 4.52955E1 4.52955E1 3.60707E1 3.60707E1 3.60707E1 3.33272E1 3.33272E1 3.33272E1 3.88142E1 3.88142E1 4.52955E1 4.52955E1 4.52955E1 4.52955E1 4.87387E1 3.88142E1 3.88142E1 4.46879E1 4.93832E1 5.87553E1 4.20365E1 4.20365E1 4.20365E1 4.87387E1 4.87387E1 4.52955E1 4.52955E1 3.88142E1 3.88142E1 6.32664E1 6.32664E1 4.19628E1 7.84386E0 7.84386E0 1.0035E1 1.0035E1 7.84386E0 -9999 -9999 -9999 -9999 -9999 -9999 -9999 -9999 -9999 -9999 -9999 -9999 -9999 -9999 -9999 -9999 -9999 -9999 -9999 -9999 -9999 -9999 -9999 -9999
4.52955E1 4.52955E1 4.20365E1 4.20365E1 4.20365E1 4.52955E1 5.18873E1 5.18873E1 3.60707E1 3.60707E1 3.60707E1 4.20365E1 3.33272E1 3.33272E1 3.33272E1 3.33272E1 3.33272E1 3.33272E1 3.33272E1 2.83557E1 2.83557E1 2.83557E1 2.83557E1 4.52955E1 4.52955E1 4.20365E1 4.20365E1 4.87387E1 4.62162E1 5.02117E1 5.26607E1 4.20365E1 4.20365E1 4.87387E1 5.54042E1 4.52955E1 4.52955E1 4.20365E1 4.20365E1 4.52955E1 4.52955E1 4.52955E1 1.82839E1 1.36439E1 2.27214E1 1.75842E1 1.0035E1 8.98545E0 1.0035E1 -9999 -9999 -9999 -9999 -9999 -9999 -9999 -9999 -9999 -9999 -9999 -9999 -9999 -9999 -9999 -9999 -9999 -9999 -9999 -9999 -9999 -9999
3.88142E1 3.88142E1 3.88142E1 3.88142E1 3.88142E1 4.52955E1 4.52955E1 5.18873E1 5.18873E1 3.60707E1 3.88142E1 4.87387E1 4.87387E1 3.07494E1 3.07494E1 3.88142E1 4.20365E1 3.33272E1 3.33272E1 2.10458E1 2.10458E1 2.86872E1 3.33272E1 3.33272E1 1.44725E1 1.44725E1 1.54299E1 3.29221E1 3.33272E1 3.33272E1 4.52955E1 4.52955E1 4.52955E1 4.52955E1 5.54042E1 5.54042E1 4.20365E1 3.60707E1 3.60707E1 3.60707E1 5.18873E1 5.18873E1 4.87387E1 4.87387E1 4.19628E1 3.05837E1 1.36439E1 1.82839E1 1.44172E1 7.84386E0 -9999 -9999 -9999 -9999 -9999 -9999 -9999 -9999 -9999 -9999 -9999 -9999 -9999 -9999 -9999 -9999 -9999 -9999 -9999 -9999 -9999
3.88142E1 3.88142E1 3.88142E1 4.52955E1 4.52955E1 5.18873E1 5.18873E1 4.52955E1 4.52955E1 4.87387E1 4.87387E1 4.87387E1 4.87387E1 3.33272E1 3.33272E1 3.33272E1 4.20365E1 4.20365E1 3.33272E1 1.15448E1 1.15448E1 1.15448E1 2.10458E1 1.40674E1 6.96004E0 1.02375E1 1.54299E1 1.54299E1 2.77849E1 2.83557E1 3.88142E1 3.88142E1 4.52955E1 4.52955E1 5.54042E1 5.54042E1 3.07494E1 2.50783E1 3.12097E1 3.33272E1 3.88142E1 3.88142E1 3.88142E1 4.87387E1 5.54042E1 5.16848E1 3.5371E1 3.05837E1 2.27214E1 1.0035E1 -9999 -9999 -9999 -9999 -9999 -9999 -9999 -9999 -9999 -9999 -9999 -9999 -9999 -9999 -9999 -9999 -9999 -9999 -9999 -9999 -9999
4.52955E1 4.52955E1 4.20365E1 4.20365E1 5.18873E1 5.18873E1 3.88142E1 4.52955E1 4.52955E1 4.52955E1 4.87387E1 3.88142E1 3.60707E1 3.60707E1 2.56859E1 2.56859E1 3.33272E1 3.33272E1 1.15448E1 1.15448E1 9.55625E0 6.99687E0 1.27417E1 1.07163E1 7.29147E0 9.66673E0 1.68661E1 9.0591E0 1.98306E1 2.17824E1 2.83557E1 3.60707E1 5.18873E1 5.18873E1 5.54042E1 5.54042E1 5.54042E1 3.33272E1 2.83557E1 2.83557E1 2.83557E1 3.88142E1 3.88142E1 4.87387E1 5.54042E1 5.54042E1 5.54042E1 5.45756E1 4.46879E1 2.50783E1 1.31468E1 -9999 -9999 -9999 -9999 -9999 -9999 -9999 -9999 -9999 -9999 -9999 -9999 -9999 -9999 -9999 -9999 -9999 -9999 -9999 -9999
4.52955E1 4.52955E1 4.20365E1 4.20365E1 3.33272E1 3.33272E1 4.20365E1 4.20365E1 3.33272E1 3.33272E1 3.88142E1 3.88142E1 3.88142E1 3.33272E1 2.32738E1 2.32738E1 2.32738E1 2.32738E1 2.21506E1 1.15448E1 6.99687E0 6.3156E0 4.93463E0 1.14159E0 2.06224E0 5.33972E0 9.0591E0 9.0591E0 9.0591E0 1.51906E1 2.10458E1 3.07494E1 3.07494E1 4.87387E1 4.87387E1 5.54042E1 5.54042E1 3.33272E1 3.33272E1 3.88142E1 3.88142E1 4.52955E1 4.52955E1 4.52955E1 4.52955E1 5.18873E1 5.18873E1 5.87553E1 5.87553E1 3.71755E1 2.20586E1 -9999 -9999 -9999 -9999 -9999 -9999 -9999 -9999 -9999 -9999 -9999 -9999 -9999 -9999 -9999 -9999 -9999 -9999 -9999 -9999
3.33272E1 2.32738E1 4.20365E1 4.20365E1 3.33272E1 3.33272E1 3.33272E1 3.33272E1 2.83557E1 2.83557E1 2.83557E1 2.6404E1 2.56859E1 3.07494E1 3.07494E1 1.40674E1 1.40674E1 1.54299E1 1.54299E1 1.41595E1 1.00902E1 6.14988E0 1.71239E0 7.73338E-1 3.24066E0 5.22924E0 2.98288E0 5.10035E0 6.66544E0 1.16553E1 2.10458E1 3.37875E1 3.60707E1 4.80759E1 4.87387E1 5.18873E1 5.18873E1 5.18873E1 4.52955E1 5.54042E1 5.54042E1 4.87387E1 4.87387E1 4.87387E1 4.87387E1 5.18873E1 5.18873E1 5.18873E1 5.54042E1 5.54042E1 4.03057E1 -9999 -9999 -9999 -9999 -9999 -9999 -9999 -9999 -9999 -9999 -9999 -9999 -9999 -9999 -9999 -9999 -9999 -9999 -9999 -9999
3.60707E1 2.83557E1 2.83557E1 3.33272E1 3.33272E1 3.07494E1 3.07494E1 3.33272E1 3.33272E1 3.07494E1 2.80611E1 2.03093E1 2.56859E1 3.07494E1 2.56859E1 1.54299E1 1.14712E1 9.0591E0 9.0591E0 9.0591E0 7.78862E0 5.61591E0 4.98987E0 4.40066E0 6.02099E0 6.66544E0 7.78862E0 1.03664E1 1.24655E1 1.79341E1 2.83557E1 2.83557E1 3.60707E1 5.18873E1 5.18873E1 5.18873E1 4.52955E1 4.52955E1 4.52955E1 4.52955E1 5.54042E1 5.54042E1 5.54042E1 5.54042E1 5.18873E1 5.18873E1 5.54042E1 5.54042E1 5.54042E1 5.54042E1 -9999 -9999 -9999 -9999 -9999 -9999 -9999 -9999 -9999 -9999 -9999 -9999 -9999 -9999 -9999 -9999 -9999 -9999 -9999 -9999 -9999
2.83557E1 2.83557E1 2.10458E1 3.07494E1 3.07494E1 3.07494E1 3.07494E1 3.33272E1 3.07494E1 3.07494E1 2.73983E1 2.49494E1 2.56859E1 2.56859E1 2.41208E1 1.44725E1 8.50672E0 6.3156E0 5.70797E0 5.56067E0 5.80004E0 6.66544E0 6.66544E0 6.66544E0 6.66544E0 6.66544E0 8.87498E0 1.13975E1 1.9002E1 1.9002E1 2.83557E1 2.83557E1 3.33272E1 3.33272E1 4.52955E1 4.52955E1 5.18873E1 5.18873E1 5.54042E1 5.54042E1 5.54042E1 5.54042E1 3.88142E1 3.88142E1 3.88142E1 5.08746E1 6.32664E1 6.17382E1 5.87553E1 6.32664E1 5.26607E1 1.87627E1 -9999 -9999 -9999 -9999 -9999 -9999 -9999 -9999 -9999 -9999 -9999 -9999 -9999 -9999 -9999 -9999 -9999 -9999 -9999
3.07494E1 3.07494E1 2.26294E1 2.45627E1 3.60707E1 3.60707E1 3.33272E1 3.20199E1 2.88897E1 2.32738E1 2.27398E1 2.31265E1 1.54299E1 1.54299E1 1.02375E1 1.02375E1 6.72068E0 6.88639E0 1.07531E1 1.27417E1 1.32204E1 1.19499E1 6.99687E0 6.99687E0 7.181E0 7.181E0 5.56067E0 6.66544E0 1.07531E1 2.24636E1 3.37139E1 4.20365E1 4.20365E1 3.33272E1 5.18873E1 5.18873E1 5.18873E1 5.18873E1 5.18873E1 5.87553E1 5.18873E1 3.88142E1 3.88142E1 4.43196E1 4.52955E1 5.87553E1 5.87553E1 3.5371E1 2.59437E1 2.83005E1 2.27214E1 -9999 -9999 -9999 -9999 -9999 -9999 -9999 -9999 -9999 -9999 -9999 -9999 -9999 -9999 -9999 -9999 -9999 -9999 -9999 -9999
3.07494E1 3.07494E1 2.29055E1 2.33843E1 2.56859E1 2.56859E1 2.56859E1 2.56859E1 2.56859E1 1.71607E1 1.98306E1 1.98306E1 1.54299E1 1.54299E1 1.16001E1 8.87498E0 6.81274E0 9.55625E0 1.27417E1 1.71607E1 1.71607E1 1.71607E1 1.19131E1 1.06426E1 1.05321E1 1.04401E1 7.34671E0 7.93592E0 1.24655E1 2.83557E1 2.83557E1 4.20365E1 4.20365E1 3.88142E1 3.88142E1 3.07494E1 3.07494E1 5.18873E1 5.18873E1 5.18873E1 5.18873E1 3.88142E1 3.88142E1 4.38777E1 4.52955E1 4.87387E1 4.87387E1 5.18873E1 5.18873E1 3.95323E1 8.98545E0 -9999 -9999 -9999 -9999 -9999 -9999 -9999 -9999 -9999 -9999 -9999 -9999 -9999 -9999 -9999 -9999 -9999 -9999 -9999 -9999
2.32738E1 2.56859E1 2.56859E1 2.56859E1 2.32738E1 2.32738E1 1.47118E1 1.50249E1 1.79341E1 1.68661E1 1.40674E1 1.27417E1 1.26312E1 9.86927E0 6.66544E0 6.66544E0 6.66544E0 1.12318E1 1.27417E1 1.71607E1 1.71607E1 2.56859E1 2.56859E1 1.54299E1 1.54299E1 2.32738E1 2.49494E1 2.6404E1 2.83005E1 3.60707E1 3.60707E1 3.88142E1 3.88142E1 3.88142E1 3.88142E1 3.07494E1 3.07494E1 3.33272E1 3.33272E1 3.33272E1 3.07494E1 3.33272E1 3.33272E1 3.33272E1 4.52955E1 4.20365E1 4.74682E1 5.18873E1 5.18873E1 5.18873E1 -9999 -9999 -9999 -9999 -9999 -9999 -9999 -9999 -9999 -9999 -9999 -9999 -9999 -9999 -9999 -9999 -9999 -9999 -9999 -9999 -9999
2.03093E1 2.49494E1 1.71607E1 1.40674E1 1.40674E1 6.37083E0 5.70797E0 7.60449E0 1.12318E1 1.40674E1 1.27417E1 7.78862E0 8.67244E0 8.32259E0 1.03664E1 1.02559E1 1.02375E1 1.31468E1 1.40674E1 2.03093E1 2.10458E1 2.10458E1 2.56859E1 3.13018E1 3.33272E1 3.33272E1 3.07494E1 3.07494E1 3.46897E1 4.17971E1 4.20365E1 4.20365E1 4.52955E1 4.52955E1 3.60707E1 3.60707E1 3.07494E1 3.07494E1 2.56859E1 2.56859E1 3.07494E1 3.07494E1 3.88142E1 3.88142E1 4.20365E1 4.20365E1 4.87387E1 5.54042E1 6.32664E1 2.91291E1 1.62033E1 8.98545E0 -9999 -9999 -9999 -9999 -9999 -9999 -9999 -9999 -9999 -9999 -9999 -9999 -9999 -9999 -9999 -9999 -9999 -9999 -9999
1.40674E1 1.71607E1 1.40674E1 1.2134E1 9.40895E0 5.33972E0 4.95305E0 6.81274E0 8.0464E0 1.56141E1 1.56141E1 1.56141E1 1.51906E1 1.46934E1 1.27417E1 1.27417E1 1.35887E1 1.54299E1 1.40674E1 1.40674E1 2.03093E1 2.03093E1 1.9002E1 1.9002E1 2.32738E1 2.32738E1 3.88142E1 3.88142E1 3.88142E1 3.88142E1 4.87387E1 4.87387E1 4.87387E1 4.87387E1 3.60707E1 3.60707E1 2.83557E1 2.83557E1 2.56859E1 2.56859E1 3.07494E1 4.52955E1 3.88142E1 3.88142E1 5.18873E1 5.18873E1 5.54042E1 4.77444E1 2.91291E1 1.96465E1 1.36439E1 8.98545E0 7.84386E0 -9999 -9999 -9999 -9999 -9999 -9999 -9999 -9999 -9999 -9999 -9999 -9999 -9999 -9999 -9999 -9999 -9999 -9999
1.27417E1 1.11213E1 4.95305E0 6.02099E0 7.88068E0 5.10035E0 7.62291E0 5.70797E0 5.3213E0 7.36513E0 1.12318E1 1.33861E1 1.98306E1 2.56859E1 2.21506E1 2.07328E1 2.41208E1 2.41208E1 1.71607E1 1.71607E1 2.10458E1 2.03093E1 1.74369E1 1.68661E1 1.98306E1 2.07328E1 3.29221E1 3.33272E1 3.33272E1 3.88142E1 4.87387E1 4.87387E1 3.88142E1 3.33272E1 3.33272E1 4.20365E1 3.60707E1 3.60707E1 3.60707E1 5.18873E1 5.18873E1 4.87387E1 4.87387E1 4.87387E1 4.87387E1 5.54042E1 3.95323E1 4.19628E1 3.87037E1 2.50783E1 1.68109E1 1.0035E1 7.84386E0 -9999 -9999 -9999 -9999 -9999 -9999 -9999 -9999 -9999 -9999 -9999 -9999 -9999 -9999 -9999 -9999 -9999 -9999
1.15448E1 1.04401E1 4.62162E0 7.29147E0 1.02375E1 9.40895E0 9.0591E0 6.3156E0 5.22924E0 5.70797E0 7.78862E0 1.04953E1 1.32204E1 1.98306E1 2.56859E1 2.92027E1 3.03627E1 2.83557E1 2.32738E1 2.29055E1 2.32738E1 2.10458E1 2.10458E1 1.71607E1 1.71607E1 2.07328E1 2.83557E1 2.83557E1 2.83557E1 4.52955E1 4.52955E1 1.71607E1 1.71607E1 2.50783E1 3.33272E1 3.60707E1 3.60707E1 5.18873E1 5.18873E1 5.18873E1 5.18873E1 5.18873E1 5.18873E1 5.45756E1 5.54042E1 5.67483E1 5.16848E1 5.67483E1 5.45756E1 3.29589E1 1.87627E1 -9999 -9999 -9999 -9999 -9999 -9999 -9999 -9999 -9999 -9999 -9999 -9999 -9999 -9999 -9999 -9999 -9999 -9999 -9999 -9999
2.33843E1 1.50249E1 1.18026E1 1.59087E1 2.14325E1 1.86338E1 1.20052E1 6.66544E0 6.02099E0 9.7772E0 1.02375E1 1.27417E1 1.27417E1 1.46934E1 1.54299E1 2.03093E1 2.4489E1 2.32738E1 2.32738E1 3.07494E1 3.07494E1 2.56859E1 2.56859E1 2.56859E1 2.83557E1 2.83557E1 2.83557E1 3.33272E1 3.26275E1 1.86338E1 1.6056E1 1.29074E1 1.50249E1 1.86338E1 2.80611E1 3.33272E1 3.33272E1 4.52955E1 4.52955E1 4.52955E1 5.18873E1 5.18873E1 5.18873E1 5.54042E1 5.54042E1 5.54042E1 5.87553E1 5.87553E1 5.87553E1 5.02117E1 3.46897E1 1.87627E1 -9999 -9999 -9999 -9999 -9999 -9999 -9999 -9999 -9999 -9999 -9999 -9999 -9999 -9999 -9999 -9999 -9999 -9999 -9999
2.11379E1 2.50783E1 2.17824E1 1.9002E1 1.9002E1 1.40674E1 1.13055E1 7.78862E0 9.0591E0 1.02375E1 2.07328E1 2.10458E1 1.9002E1 1.40674E1 1.40674E1 1.68661E1 1.76579E1 1.9002E1 2.96078E1 3.33272E1 3.33272E1 3.33272E1 3.33272E1 3.33272E1 2.83557E1 2.83557E1 3.33272E1 3.167E1 2.19665E1 1.74369E1 1.68661E1 1.63506E1 2.10458E1 2.10458E1 2.99392E1 3.33272E1 3.33272E1 3.33272E1 4.20365E1 4.20365E1 4.52955E1 4.52955E1 4.20365E1 4.20365E1 4.87387E1 4.87387E1 5.87553E1 5.87553E1 5.87553E1 5.59565E1 3.95323E1 2.11195E1 1.22629E1 7.84386E0 -9999 -9999 -9999 -9999 -9999 -9999 -9999 -9999 -9999 -9999 -9999 -9999 -9999 -9999 -9999 -9999 -9999
1.43804E1 2.03093E1 2.56859E1 2.38814E1 1.9002E1 1.9002E1 1.40674E1 1.51906E1 1.5301E1 1.9002E1 2.07328E1 2.10458E1 2.32738E1 2.26294E1 1.71607E1 1.71607E1 1.9002E1 1.76579E1 1.71607E1 1.71607E1 3.51132E1 3.88142E1 3.88142E1 3.88142E1 3.60707E1 3.60707E1 2.96078E1 2.54649E1 2.10458E1 1.98306E1 2.10458E1 2.10458E1 2.56859E1 2.56859E1 3.31062E1 3.33272E1 3.33272E1 4.20365E1 3.88142E1 3.88142E1 4.20365E1 4.20365E1 4.20365E1 4.20365E1 5.18873E1 5.18873E1 5.18873E1 5.18873E1 5.18873E1 5.08746E1 3.79672E1 2.20586E1 1.36439E1 1.0035E1 7.84386E0 -9999 -9999 -9999 -9999 -9999 -9999 -9999 -9999 -9999 -9999 -9999 -9999 -9999 -9999 -9999 -9999
1.9002E1 1.98306E1 2.56859E1 2.56859E1 3.00497E1 3.00497E1 2.10458E1 2.10458E1 1.9002E1 1.9002E1 1.98306E1 2.07328E1 3.07494E1 3.07494E1 2.32738E1 2.32738E1 1.71607E1 1.71607E1 1.71607E1 1.71607E1 2.24636E1 2.86319E1 4.20365E1 4.20365E1 4.20365E1 2.56859E1 2.07328E1 1.98306E1 2.19665E1 2.38814E1 2.56859E1 3.31062E1 3.33272E1 3.33272E1 3.33272E1 3.33272E1 4.20365E1 4.20365E1 4.20365E1 5.18873E1 5.18873E1 4.52955E1 4.52955E1 4.87387E1 4.87387E1 5.18873E1 5.18873E1 5.87553E1 5.87553E1 4.70632E1 3.5371E1 2.36052E1 1.75842E1 1.22629E1 7.84386E0 -9999 -9999 -9999 -9999 -9999 -9999 -9999 -9999 -9999 -9999 -9999 -9999 -9999 -9999 -9999 -9999
1.22813E1 2.10458E1 2.24636E1 2.03093E1 3.00497E1 3.00497E1 3.00497E1 3.00497E1 3.00497E1 3.33272E1 3.13018E1 2.32738E1 2.32738E1 3.88142E1 3.33272E1 3.33272E1 3.33272E1 2.32738E1 2.32738E1 1.98306E1 1.59087E1 1.79341E1 3.88142E1 3.60707E1 3.60707E1 2.56859E1 2.56859E1 2.32738E1 2.32738E1 2.56859E1 2.56859E1 3.60707E1 3.60707E1 3.88142E1 3.88142E1 4.20365E1 4.20365E1 4.20365E1 4.87387E1 5.18873E1 5.18873E1 5.18873E1 5.18873E1 5.18873E1 5.18873E1 6.32664E1 6.32664E1 5.87553E1 5.87553E1 4.53508E1 3.59971E1 2.59437E1 1.87627E1 1.31468E1 7.84386E0 7.84386E0 -9999 -9999 -9999 -9999 -9999 -9999 -9999 -9999 -9999 -9999 -9999 -9999 -9999 -9999 -9999
1.50249E1 1.54299E1 1.54299E1 1.98306E1 2.10458E1 2.49494E1 2.49494E1 2.69379E1 2.83557E1 4.20365E1 4.20365E1 4.20365E1 3.60707E1 3.88142E1 3.88142E1 3.88142E1 3.88142E1 2.83557E1 2.83557E1 2.32738E1 2.32738E1 3.88142E1 3.88142E1 3.60707E1 3.60707E1 3.60707E1 2.83557E1 2.56859E1 2.56859E1 2.56859E1 2.56859E1 3.60707E1 4.20365E1 4.20365E1 4.20365E1 4.20365E1 4.52955E1 4.87387E1 5.18873E1 5.18873E1 5.18873E1 5.18873E1 5.54042E1 5.54042E1 5.87553E1 5.76874E1 5.95286E1 4.93832E1 4.53508E1 3.59971E1 2.83005E1 2.36052E1 1.82839E1 1.11582E1 7.84386E0 -9999 -9999 -9999 -9999 -9999 -9999 -9999 -9999 -9999 -9999 -9999 -9999 -9999 -9999 -9999 -9999
1.00166E1 1.17658E1 1.83208E1 1.67925E1 1.15448E1 1.71055E1 1.71607E1 1.71607E1 2.10458E1 2.83557E1 2.83557E1 3.60707E1 3.60707E1 3.60707E1 3.88142E1 3.88142E1 3.88142E1 3.88142E1 4.52955E1 4.52955E1 4.52955E1 3.88142E1 3.88142E1 3.88142E1 2.56859E1 2.56859E1 2.56859E1 2.56859E1 3.33272E1 3.33272E1 3.33272E1 3.33272E1 4.20365E1 4.20365E1 4.52955E1 4.52955E1 4.87387E1 4.87387E1 5.18873E1 5.18873E1 5.18873E1 5.18873E1 5.18873E1 5.18873E1 5.18873E1 5.18873E1 5.54042E1 5.54042E1 5.36365E1 3.3898E1 2.83005E1 2.20586E1 1.75842E1 1.36439E1 -9999 -9999 -9999 -9999 -9999 -9999 -9999 -9999 -9999 -9999 -9999 -9999 -9999 -9999 -9999 -9999 -9999
5.33972E0 7.181E0 9.0591E0 9.0591E0 1.15448E1 1.15448E1 1.68661E1 1.71607E1 1.74369E1 2.32738E1 2.83557E1 2.83557E1 2.56859E1 2.56859E1 3.88142E1 3.88142E1 3.88142E1 3.88142E1 4.20365E1 4.20365E1 4.52955E1 4.52955E1 2.56859E1 2.56859E1 2.83557E1 2.83557E1 3.07494E1 3.07494E1 3.07494E1 3.07494E1 3.33272E1 3.33272E1 3.60707E1 3.88142E1 4.52955E1 4.52955E1 4.87387E1 4.87387E1 4.87387E1 5.18873E1 5.18873E1 5.18873E1 5.18873E1 5.18873E1 5.18873E1 5.54042E1 5.54042E1 5.54042E1 5.83134E1 3.71755E1 2.99392E1 2.20586E1 1.82839E1 1.68109E1 1.11582E1 -9999 -9999 -9999 -9999 -9999 -9999 -9999 -9999 -9999 -9999 -9999 -9999 -9999 -9999 -9999 -9999
6.96004E0 1.03296E1 1.40674E1 1.18579E1 1.43804E1 1.54299E1 1.71607E1 1.71607E1 1.71607E1 2.10458E1 2.53913E1 2.56859E1 3.07494E1 3.07494E1 3.07494E1 3.60707E1 4.20365E1 4.20365E1 4.87387E1 4.87387E1 4.87387E1 4.52955E1 2.56859E1 2.56859E1 2.56859E1 3.88142E1 3.88142E1 3.33272E1 3.60707E1 3.60707E1 3.60707E1 3.52605E1 3.3272E1 3.51132E1 4.20365E1 4.20365E1 4.20365E1 4.87387E1 4.87387E1 5.18873E1 5.18873E1 5.87553E1 5.87553E1 5.87553E1 5.87553E1 5.87553E1 5.85159E1 4.93832E1 4.62162E1 5.08746E1 5.02117E1 3.59971E1 3.29589E1 2.67722E1 1.75842E1 -9999 -9999 -9999 -9999 -9999 -9999 -9999 -9999 -9999 -9999 -9999 -9999 -9999 -9999 -9999 -9999
1.15448E1 1.33677E1 2.26294E1 2.32738E1 2.56859E1 2.56859E1 2.56859E1 2.29976E1 2.16719E1 1.79341E1 2.26294E1 2.62751E1 2.83557E1 3.07494E1 3.07494E1 3.5905E1 3.60707E1 3.07494E1 3.07494E1 5.18873E1 5.18873E1 4.52955E1 4.52955E1 3.88142E1 3.88142E1 3.88142E1 3.88142E1 3.88142E1 3.88142E1 4.20365E1 4.20365E1 3.35666E1 2.97367E1 3.37139E1 3.60707E1 3.88142E1 3.88142E1 4.52955E1 4.52955E1 4.52955E1 5.18873E1 5.87553E1 5.87553E1 5.44835E1 5.44835E1 5.44835E1 5.45756E1 5.59565E1 5.71534E1 5.79267E1 5.79267E1 5.26607E1 3.95323E1 3.05837E1 1.96465E1 1.44172E1 8.98545E0 7.84386E0 -9999 -9999 -9999 -9999 -9999 -9999 -9999 -9999 -9999 -9999 -9999 -9999 -9999
1.86338E1 2.03093E1 1.98306E1 1.98306E1 2.32738E1 2.56859E1 2.56859E1 2.32738E1 2.32738E1 2.10458E1 2.24636E1 2.31265E1 2.56859E1 2.54649E1 2.03093E1 2.07328E1 2.50783E1 3.07494E1 3.07494E1 4.26257E1 4.52955E1 4.52955E1 5.18873E1 5.18873E1 5.18873E1 4.20365E1 5.18873E1 5.18873E1 4.87387E1 4.52955E1 4.52955E1 4.00479E1 3.33272E1 3.33272E1 3.60707E1 4.52955E1 4.52955E1 4.52955E1 4.87387E1 4.87387E1 5.18873E1 5.87553E1 5.87553E1 5.87553E1 5.44835E1 5.44835E1 5.33051E1 5.33051E1 5.74664E1 5.74664E1 5.87553E1 5.26607E1 4.2865E1 3.59971E1 2.04014E1 1.68109E1 1.82839E1 1.68109E1 -9999 -9999 -9999 -9999 -9999 -9999 -9999 -9999 -9999 -9999 -9999 -9999 -9999
1.9002E1 2.32738E1 2.6404E1 2.75087E1 3.07494E1 3.33272E1 3.33272E1 3.33272E1 3.06573E1 2.5244E1 2.14325E1 2.03093E1 1.98306E1 1.79341E1 1.98306E1 2.17824E1 2.4489E1 3.28301E1 3.33272E1 3.33272E1 3.33272E1 3.33272E1 4.20365E1 4.20365E1 5.18873E1 5.18873E1 5.18873E1 5.18873E1 5.18873E1 5.18873E1 3.88142E1 3.88142E1 4.20365E1 4.20365E1 4.20365E1 4.20365E1 4.52955E1 4.87387E1 5.18873E1 5.18873E1 5.18873E1 5.18873E1 5.83134E1 5.18873E1 5.71534E1 5.71534E1 5.60486E1 5.60486E1 5.56435E1 5.56435E1 5.53121E1 5.53121E1 5.53121E1 5.33051E1 5.53121E1 5.02117E1 3.29589E1 2.36052E1 1.44172E1 -9999 -9999 -9999 -9999 -9999 -9999 -9999 -9999 -9999 -9999 -9999 -9999
