Week 7/1_MaxEnt/output/Hippodamia_variegata_projection.asc
ncols         950
nrows         550
xllcorner     -14.0
yllcorner     49.0
cellsize      0.02
NODATA_value  -9999
[rows 310 to 340 of 550, columns 621 to 689 of 950]
5.71689E-1 6.50517E-1 6.48139E-1 6.66269E-1 6.68621E-1 6.55348E-1 6.36594E-1 6.52831E-1 7.07706E-1 6.91699E-1 6.84798E-1 7.08085E-1 7.08085E-1 7.80411E-1 8.39354E-1 8.57838E-1 8.76894E-1 9.11346E-1 9.18136E-1 9.25387E-1 9.39082E-1 9.42311E-1 9.45659E-1 9.47667E-1 9.39977E-1 9.41063E-1 9.41701E-1 9.41701E-1 9.39736E-1 9.38634E-1 9.37519E-1 9.35465E-1 9.31228E-1 9.29806E-1 9.27095E-1 9.27095E-1 9.25051E-1 9.27538E-1 9.24419E-1 9.16608E-1 9.06031E-1 9.07462E-1 8.99737E-1 8.87402E-1 8.84195E-1 8.90479E-1 8.33424E-1 8.01552E-1 6.77542E-1 5.83719E-1 4.39041E-1 4.69039E-1 5.76463E-1 6.3174E-1 6.90453E-1 7.27092E-1 7.79555E-1 8.02825E-1 8.14871E-1 8.26915E-1 8.0376E-1 8.0376E-1 7.92027E-1 7.92027E-1 7.80049E-1 7.80049E-1 7.62904E-1 7.62904E-1 7.60422E-1
5.4358E-1 6.01498E-1 5.99126E-1 6.61409E-1 6.85055E-1 6.93309E-1 6.81927E-1 7.18242E-1 7.32023E-1 7.42774E-1 7.06022E-1 7.3175E-1 7.42947E-1 8.09955E-1 8.21874E-1 8.63172E-1 8.80608E-1 9.10689E-1 9.17509E-1 9.22333E-1 9.26128E-1 9.32234E-1 9.34569E-1 9.37766E-1 9.38878E-1 9.39977E-1 9.41063E-1 9.43E-1 9.4405E-1 9.42767E-1 9.4382E-1 9.41465E-1 9.39939E-1 9.3884E-1 9.37728E-1 9.34744E-1 9.33585E-1 9.3131E-1 9.32641E-1 9.30264E-1 9.266E-1 9.19771E-1 9.22033E-1 9.08729E-1 9.10137E-1 9.06402E-1 8.76324E-1 8.64329E-1 8.25131E-1 6.55541E-1 5.61051E-1 4.97565E-1 6.33362E-1 6.70553E-1 6.84415E-1 7.39884E-1 7.92186E-1 8.31387E-1 8.30236E-1 8.46252E-1 8.12956E-1 8.12956E-1 8.12956E-1 8.01434E-1 7.94394E-1 7.94394E-1 7.77625E-1 7.77625E-1 7.60422E-1
4.42882E-1 4.67833E-1 5.31356E-1 6.32925E-1 6.51823E-1 6.77708E-1 6.98488E-1 7.10228E-1 7.70605E-1 7.90432E-1 7.86147E-1 8.17458E-1 8.38983E-1 8.38983E-1 8.48041E-1 8.73945E-1 8.83868E-1 9.12079E-1 9.1945E-1 9.2205E-1 9.26634E-1 9.32713E-1 9.33881E-1 9.371E-1 9.3822E-1 9.39773E-1 9.40861E-1 9.41501E-1 9.43625E-1 9.44668E-1 9.45697E-1 9.4486E-1 9.4486E-1 9.421E-1 9.43393E-1 9.41227E-1 9.37936E-1 9.36033E-1 9.38284E-1 9.3697E-1 9.3469E-1 9.29524E-1 9.29524E-1 9.20935E-1 9.27397E-1 9.20691E-1 9.23266E-1 9.11532E-1 8.92413E-1 8.30235E-1 7.64993E-1 6.69804E-1 7.00183E-1 6.97956E-1 7.36372E-1 7.92266E-1 8.32531E-1 8.31131E-1 8.44586E-1 8.21974E-1 8.21974E-1 -9999 -9999 8.0838E-1 7.99097E-1 7.99097E-1 7.99097E-1 7.92027E-1 7.92027E-1
4.18653E-1 4.53926E-1 5.39421E-1 5.37146E-1 6.23469E-1 6.59152E-1 7.18824E-1 7.23466E-1 7.68401E-1 7.70605E-1 8.03808E-1 8.10017E-1 8.56874E-1 8.60427E-1 8.76487E-1 8.76487E-1 9.00178E-1 8.86139E-1 9.17509E-1 9.20147E-1 9.24641E-1 9.30824E-1 9.32013E-1 9.34353E-1 9.371E-1 9.3822E-1 9.40861E-1 9.42371E-1 9.44474E-1 9.45507E-1 9.46113E-1 9.47125E-1 9.46302E-1 9.46492E-1 9.46492E-1 9.44403E-1 9.44632E-1 9.44632E-1 9.43979E-1 9.40932E-1 9.40932E-1 9.38503E-1 9.38503E-1 9.25543E-1 -9999 -9999 -9999 -9999 -9999 -9999 9.01913E-1 8.88246E-1 8.33703E-1 8.79681E-1 8.63249E-1 8.57262E-1 8.57262E-1 -9999 -9999 -9999 -9999 -9999 -9999 -9999 -9999 -9999 -9999 8.0376E-1 8.0376E-1
4.37122E-1 4.62458E-1 4.62458E-1 5.68559E-1 6.27732E-1 6.44634E-1 7.17028E-1 7.19355E-1 7.30922E-1 7.86722E-1 8.20461E-1 8.26362E-1 8.39679E-1 8.4533E-1 8.7312E-1 8.74809E-1 8.79591E-1 8.8289E-1 9.16171E-1 8.99407E-1 9.22572E-1 9.2511E-1 9.29355E-1 9.31752E-1 9.37557E-1 9.39773E-1 9.42371E-1 9.44474E-1 9.46526E-1 9.48343E-1 9.47533E-1 9.47533E-1 9.47125E-1 9.48125E-1 9.46903E-1 9.31938E-1 9.31455E-1 9.15449E-1 9.13788E-1 9.27583E-1 9.27583E-1 9.27583E-1 9.25543E-1 -9999 -9999 9.31548E-1 8.86655E-1 8.86655E-1 -9999 -9999 -9999 -9999 -9999 -9999 -9999 -9999 -9999 -9999 -9999 -9999 -9999 -9999 8.37296E-1 8.37296E-1 -9999 -9999 -9999 -9999 8.10673E-1
4.29044E-1 4.82678E-1 4.96196E-1 5.6711E-1 5.81428E-1 6.98851E-1 6.94167E-1 7.12485E-1 7.30909E-1 7.84585E-1 8.18476E-1 7.88056E-1 7.92266E-1 8.26362E-1 8.2831E-1 8.6355E-1 8.66572E-1 8.71774E-1 8.83497E-1 9.00906E-1 9.02393E-1 9.27137E-1 9.29847E-1 9.32234E-1 9.3643E-1 9.39773E-1 9.41937E-1 9.44896E-1 9.46937E-1 9.47939E-1 9.47939E-1 9.47939E-1 9.47533E-1 9.48528E-1 9.31938E-1 9.31938E-1 9.15449E-1 9.15998E-1 9.13788E-1 9.13788E-1 9.12109E-1 9.12109E-1 9.26276E-1 9.26276E-1 9.31548E-1 9.31548E-1 8.86655E-1 9.08885E-1 9.08885E-1 9.08885E-1 -9999 -9999 -9999 -9999 8.81313E-1 8.87673E-1 9.02804E-1 9.04253E-1 8.89937E-1 8.7596E-1 8.64517E-1 8.62746E-1 8.58759E-1 8.37296E-1 -9999 -9999 -9999 -9999 -9999
4.42142E-1 4.89415E-1 5.07589E-1 5.6711E-1 5.90918E-1 6.30571E-1 6.18585E-1 6.58167E-1 6.67654E-1 7.40787E-1 7.65362E-1 7.79548E-1 7.77403E-1 8.30824E-1 8.30824E-1 8.1569E-1 8.19706E-1 8.57486E-1 8.71599E-1 8.93282E-1 9.03079E-1 9.11455E-1 9.12847E-1 9.34353E-1 9.36641E-1 9.24062E-1 9.2783E-1 9.46337E-1 9.47939E-1 9.47939E-1 9.48343E-1 9.34098E-1 9.34098E-1 9.33149E-1 9.3171E-1 9.32898E-1 9.1709E-1 9.15998E-1 9.15998E-1 9.13788E-1 9.13231E-1 9.13231E-1 9.37341E-1 9.37341E-1 9.37341E-1 9.19656E-1 9.04731E-1 9.21586E-1 9.00782E-1 9.00782E-1 9.00782E-1 8.91084E-1 8.55368E-1 7.87753E-1 7.79164E-1 8.08217E-1 8.20461E-1 8.37907E-1 8.61664E-1 8.69162E-1 8.49823E-1 8.51673E-1 8.57365E-1 8.62746E-1 8.56744E-1 8.35144E-1 -9999 -9999 -9999
4.58866E-1 4.78574E-1 5.24619E-1 5.13066E-1 5.52788E-1 5.94668E-1 6.30261E-1 6.27881E-1 6.38274E-1 6.54923E-1 7.28565E-1 7.5705E-1 7.41459E-1 8.06499E-1 8.06499E-1 8.08551E-1 8.20793E-1 8.40934E-1 8.55841E-1 8.82845E-1 8.92447E-1 9.01598E-1 9.10049E-1 9.15071E-1 9.17775E-1 9.22779E-1 9.2783E-1 9.31251E-1 9.33624E-1 9.48343E-1 9.48343E-1 9.34098E-1 9.34569E-1 9.33624E-1 9.33624E-1 9.32671E-1 9.33849E-1 9.16545E-1 9.1709E-1 9.14898E-1 9.14898E-1 9.13788E-1 9.13788E-1 9.35478E-1 9.35478E-1 9.04731E-1 9.04731E-1 9.21586E-1 9.06348E-1 8.90143E-1 8.90143E-1 8.96015E-1 8.40769E-1 7.46973E-1 7.62249E-1 7.43173E-1 7.71646E-1 8.06377E-1 8.39797E-1 8.64322E-1 8.6373E-1 8.68952E-1 8.75752E-1 8.61168E-1 8.61168E-1 8.60759E-1 -9999 -9999 -9999
4.33261E-1 4.49858E-1 5.18314E-1 5.20593E-1 5.72626E-1 5.72626E-1 6.09523E-1 6.09523E-1 6.23166E-1 6.25529E-1 6.8379E-1 6.9788E-1 7.09088E-1 7.06745E-1 7.34193E-1 7.38741E-1 7.95331E-1 8.37215E-1 8.50348E-1 8.5941E-1 8.76216E-1 8.86112E-1 8.98341E-1 9.08084E-1 9.1481E-1 9.20175E-1 9.2584E-1 9.28329E-1 9.31021E-1 9.33399E-1 9.34569E-1 9.35038E-1 9.33874E-1 9.33874E-1 9.32923E-1 9.33149E-1 9.34321E-1 9.32898E-1 9.32898E-1 9.32898E-1 9.15449E-1 9.14344E-1 9.14344E-1 9.35004E-1 9.35004E-1 9.15717E-1 9.15717E-1 9.15717E-1 9.06348E-1 8.90143E-1 9.29706E-1 9.13494E-1 9.12107E-1 8.53925E-1 8.12094E-1 7.31677E-1 7.42793E-1 7.79534E-1 8.16573E-1 8.42648E-1 8.66057E-1 8.6373E-1 8.70669E-1 8.55965E-1 8.55965E-1 8.53931E-1 8.53931E-1 -9999 8.66677E-1
4.19324E-1 4.4371E-1 4.82893E-1 4.82893E-1 4.85086E-1 5.72626E-1 6.09523E-1 6.09523E-1 6.15161E-1 6.15161E-1 6.15161E-1 6.62855E-1 7.02212E-1 7.02212E-1 7.20437E-1 7.2274E-1 8.12096E-1 8.26003E-1 7.97385E-1 8.05811E-1 8.75192E-1 8.83506E-1 8.93111E-1 9.04888E-1 9.13436E-1 9.18853E-1 9.25599E-1 9.26853E-1 9.30071E-1 9.32469E-1 9.33874E-1 9.33874E-1 9.33874E-1 9.33874E-1 9.33399E-1 9.31964E-1 9.33149E-1 9.33149E-1 9.33374E-1 9.33374E-1 9.31455E-1 9.30483E-1 9.30483E-1 9.3097E-1 9.53779E-1 9.53779E-1 9.2438E-1 9.2438E-1 9.06348E-1 9.11945E-1 9.28377E-1 9.22106E-1 9.11731E-1 8.9249E-1 8.30598E-1 7.62083E-1 7.53256E-1 7.75268E-1 8.02475E-1 8.22484E-1 8.68672E-1 8.65908E-1 8.71086E-1 8.75711E-1 8.82324E-1 8.77382E-1 8.39154E-1 8.42964E-1 8.55965E-1
2.78562E-1 4.30649E-1 4.30649E-1 4.97563E-1 4.95344E-1 5.5424E-1 5.56572E-1 6.14242E-1 6.14242E-1 6.41548E-1 6.39185E-1 6.39144E-1 7.20999E-1 7.20999E-1 7.23302E-1 7.63811E-1 7.91511E-1 8.26572E-1 8.25604E-1 8.35476E-1 8.78234E-1 8.84822E-1 8.91213E-1 9.04888E-1 9.12049E-1 9.1481E-1 9.23326E-1 9.24603E-1 9.27118E-1 9.28852E-1 9.30791E-1 9.34346E-1 9.33874E-1 9.33874E-1 9.33399E-1 9.34346E-1 9.32923E-1 9.32923E-1 9.33149E-1 9.33149E-1 9.32419E-1 9.34321E-1 9.29761E-1 9.29761E-1 9.47912E-1 9.47912E-1 9.39402E-1 9.25754E-1 9.28063E-1 9.28063E-1 9.25907E-1 9.10479E-1 9.10138E-1 9.0439E-1 8.74782E-1 8.42401E-1 7.96623E-1 7.96623E-1 7.97731E-1 8.09955E-1 8.43617E-1 8.54614E-1 8.5578E-1 8.57569E-1 8.44417E-1 8.44417E-1 8.44646E-1 8.27929E-1 8.47161E-1
2.89316E-1 4.08599E-1 4.14614E-1 4.52156E-1 4.89182E-1 5.5424E-1 5.5424E-1 6.08041E-1 6.39203E-1 6.4105E-1 6.33857E-1 6.44484E-1 6.46863E-1 7.18411E-1 7.18411E-1 7.59451E-1 7.61634E-1 7.67933E-1 8.04186E-1 8.29861E-1 8.45357E-1 8.63434E-1 8.68735E-1 9.01661E-1 9.04609E-1 9.09236E-1 9.13436E-1 9.19951E-1 9.22559E-1 9.25116E-1 9.28119E-1 9.3176E-1 9.3176E-1 9.31277E-1 9.32469E-1 9.33174E-1 9.31735E-1 9.31735E-1 9.32444E-1 9.33624E-1 9.33624E-1 9.33149E-1 9.29761E-1 9.28539E-1 9.44356E-1 9.44356E-1 9.43317E-1 9.36257E-1 9.35115E-1 9.38211E-1 9.09074E-1 9.03329E-1 9.01438E-1 8.99943E-1 8.92068E-1 8.92579E-1 8.4918E-1 8.24312E-1 7.86017E-1 7.90211E-1 7.98569E-1 7.61312E-1 7.62936E-1 7.80266E-1 7.95601E-1 8.0182E-1 8.01356E-1 8.19706E-1 8.28604E-1
2.48923E-1 2.85594E-1 3.0296E-1 3.08069E-1 3.6057E-1 4.63789E-1 5.51627E-1 6.34442E-1 6.41583E-1 6.43962E-1 6.58906E-1 6.56514E-1 6.69822E-1 7.11522E-1 6.97537E-1 6.69906E-1 6.77001E-1 6.86432E-1 7.93752E-1 8.2187E-1 8.4426E-1 8.65213E-1 8.65213E-1 8.9805E-1 9.01059E-1 9.06371E-1 9.12345E-1 9.19164E-1 9.2308E-1 9.24873E-1 9.27382E-1 9.29838E-1 9.29838E-1 9.28852E-1 9.30071E-1 9.30791E-1 9.31989E-1 9.31251E-1 9.31251E-1 9.32444E-1 9.32444E-1 9.33149E-1 9.3171E-1 9.30509E-1 9.30509E-1 9.44356E-1 9.41227E-1 9.37165E-1 9.32561E-1 9.26212E-1 9.22475E-1 9.15963E-1 9.11681E-1 9.01539E-1 8.93942E-1 8.7579E-1 8.66361E-1 8.40913E-1 8.11424E-1 7.74229E-1 7.76368E-1 7.61312E-1 7.56333E-1 7.65982E-1 7.70304E-1 7.72456E-1 7.80995E-1 8.05925E-1 8.2566E-1
2.42486E-1 2.43549E-1 2.85523E-1 3.41454E-1 4.60786E-1 4.54345E-1 5.24786E-1 5.5692E-1 5.77944E-1 5.89833E-1 6.63686E-1 6.75609E-1 6.89723E-1 6.96861E-1 7.21212E-1 7.00168E-1 7.00785E-1 7.07729E-1 7.99783E-1 8.22249E-1 8.38057E-1 8.51343E-1 8.62716E-1 8.68032E-1 8.74968E-1 9.09537E-1 9.13729E-1 9.19164E-1 9.01325E-1 9.043E-1 9.0548E-1 9.25894E-1 9.25894E-1 9.26134E-1 9.27382E-1 9.29838E-1 9.30791E-1 9.28826E-1 9.27567E-1 9.31021E-1 9.28591E-1 9.32444E-1 9.31251E-1 9.2783E-1 9.23545E-1 9.33368E-1 9.31006E-1 9.25853E-1 9.1945E-1 9.08843E-1 9.06034E-1 9.0166E-1 9.0313E-1 8.95487E-1 8.90815E-1 8.78919E-1 8.65209E-1 8.71394E-1 8.59165E-1 8.09549E-1 7.86565E-1 7.70601E-1 7.6411E-1 7.50662E-1 7.48451E-1 7.16654E-1 7.30057E-1 7.87038E-1 7.61917E-1
1.42083E-1 2.13539E-1 2.85523E-1 3.00777E-1 3.5234E-1 3.30018E-1 3.34097E-1 5.21313E-1 6.02651E-1 6.09827E-1 6.78327E-1 6.71662E-1 7.20747E-1 7.29999E-1 7.25016E-1 7.29668E-1 6.95993E-1 6.74655E-1 8.2614E-1 8.2614E-1 8.32388E-1 8.42085E-1 8.62364E-1 8.62364E-1 8.70152E-1 8.75318E-1 8.8567E-1 8.889E-1 8.95222E-1 8.96767E-1 9.01483E-1 9.02976E-1 9.01927E-1 9.03415E-1 9.03706E-1 9.06639E-1 9.28355E-1 9.27091E-1 9.28329E-1 9.28329E-1 9.26614E-1 9.22807E-1 9.20455E-1 9.18315E-1 9.19642E-1 9.27367E-1 9.21043E-1 9.17635E-1 9.21398E-1 9.18804E-1 8.8242E-1 9.02693E-1 9.07037E-1 8.93282E-1 8.9172E-1 8.86957E-1 8.73866E-1 8.83209E-1 8.73258E-1 8.70454E-1 8.47405E-1 8.34254E-1 7.90786E-1 6.50801E-1 6.32886E-1 7.00153E-1 7.24919E-1 7.52872E-1 7.39655E-1
1.45633E-1 1.68325E-1 1.68325E-1 2.58177E-1 2.60441E-1 3.026E-1 3.62797E-1 5.4618E-1 6.14855E-1 6.14855E-1 6.14855E-1 6.52548E-1 6.62115E-1 6.91851E-1 7.61555E-1 7.52594E-1 7.70416E-1 7.57536E-1 7.3486E-1 8.05708E-1 8.34348E-1 8.18389E-1 8.40054E-1 8.55482E-1 8.62731E-1 8.96233E-1 9.0289E-1 9.0436E-1 8.89082E-1 8.91458E-1 8.96929E-1 8.9846E-1 9.19192E-1 9.21815E-1 9.22834E-1 9.25384E-1 9.4066E-1 9.41738E-1 9.27091E-1 9.29086E-1 9.24603E-1 9.16746E-1 9.26213E-1 9.23698E-1 9.2417E-1 9.2543E-1 9.13586E-1 9.0658E-1 9.12097E-1 9.1243E-1 8.87462E-1 8.90619E-1 9.04821E-1 9.0911E-1 8.90576E-1 8.85786E-1 8.96007E-1 8.92936E-1 8.74567E-1 8.64248E-1 8.45557E-1 8.28469E-1 7.83909E-1 5.82587E-1 5.82587E-1 6.3977E-1 7.05304E-1 7.09789E-1 7.43437E-1
1.33665E-1 1.24968E-1 1.40881E-1 2.59307E-1 2.82758E-1 4.40636E-1 4.81272E-1 5.20593E-1 5.20593E-1 5.98873E-1 5.98873E-1 6.23121E-1 6.54054E-1 6.72723E-1 6.58296E-1 6.9491E-1 6.90217E-1 7.28134E-1 7.07798E-1 7.4297E-1 7.56333E-1 7.82201E-1 8.076E-1 8.52154E-1 8.54004E-1 8.85511E-1 8.91914E-1 8.95023E-1 8.99593E-1 8.85029E-1 8.88269E-1 8.89082E-1 9.12403E-1 9.13787E-1 9.16228E-1 9.18909E-1 9.24116E-1 9.26879E-1 9.26614E-1 9.25358E-1 9.22036E-1 9.12906E-1 9.0726E-1 9.12257E-1 9.08319E-1 9.06895E-1 9.02871E-1 8.95049E-1 8.99045E-1 8.97563E-1 8.97563E-1 8.86646E-1 8.97753E-1 9.03688E-1 8.87088E-1 8.82217E-1 8.92936E-1 8.88237E-1 8.79002E-1 8.65499E-1 8.32335E-1 7.85725E-1 5.5707E-1 5.27538E-1 5.2516E-1 6.07292E-1 7.05304E-1 7.09789E-1 7.65263E-1
9.8043E-2 1.22448E-1 9.24397E-2 2.26228E-1 2.65297E-1 3.4788E-1 4.90059E-1 5.02806E-1 5.44774E-1 5.48823E-1 5.70156E-1 6.6737E-1 6.55421E-1 6.3146E-1 6.3724E-1 6.64536E-1 6.62198E-1 6.45442E-1 6.35992E-1 6.38355E-1 7.36717E-1 7.80034E-1 8.05529E-1 8.48421E-1 8.49175E-1 8.46151E-1 8.53625E-1 8.63097E-1 8.71886E-1 8.8339E-1 8.85029E-1 8.84222E-1 8.82578E-1 9.06739E-1 9.11007E-1 9.12935E-1 9.21012E-1 9.24873E-1 9.27382E-1 9.23844E-1 9.22312E-1 9.14576E-1 9.10409E-1 9.12561E-1 9.03738E-1 8.99307E-1 8.93224E-1 8.8724E-1 8.8403E-1 8.91512E-1 8.86009E-1 8.83316E-1 8.92252E-1 9.01348E-1 9.0428E-1 9.03416E-1 8.98977E-1 8.87488E-1 8.70649E-1 8.60248E-1 8.5006E-1 8.27562E-1 7.15607E-1 5.15806E-1 4.85506E-1 5.513E-1 7.07296E-1 7.12389E-1 7.68352E-1
7.69398E-2 1.37884E-1 2.36345E-1 2.1568E-1 3.46515E-1 3.72544E-1 3.95103E-1 4.07283E-1 5.32095E-1 5.36768E-1 6.02841E-1 5.71681E-1 6.32281E-1 6.32281E-1 6.32548E-1 6.27856E-1 6.38855E-1 6.41201E-1 6.67193E-1 6.7186E-1 7.62936E-1 7.67456E-1 7.89367E-1 8.06335E-1 8.41596E-1 8.45407E-1 8.51773E-1 8.6737E-1 8.70864E-1 8.77723E-1 8.77723E-1 8.72608E-1 8.90374E-1 8.86197E-1 8.89397E-1 8.98405E-1 9.10109E-1 9.21539E-1 9.25384E-1 9.22312E-1 9.18372E-1 9.08994E-1 9.17974E-1 9.08943E-1 9.03193E-1 8.96007E-1 8.88236E-1 8.93889E-1 8.89247E-1 8.77969E-1 8.796E-1 8.75057E-1 8.81688E-1 8.92883E-1 8.98977E-1 9.03144E-1 8.98697E-1 8.88128E-1 8.69959E-1 8.58633E-1 8.72589E-1 8.77333E-1 8.65476E-1 7.40624E-1 5.36935E-1 5.51777E-1 6.19066E-1 7.12389E-1 7.10152E-1
6.89422E-2 1.83833E-1 2.21731E-1 3.76754E-1 4.36774E-1 4.34699E-1 4.03197E-1 4.07283E-1 5.23041E-1 5.99649E-1 5.84236E-1 5.53292E-1 6.0445E-1 6.02077E-1 5.8728E-1 5.82624E-1 6.38855E-1 6.41201E-1 6.84695E-1 6.89366E-1 7.25711E-1 7.4633E-1 7.54182E-1 7.69988E-1 8.34618E-1 8.40432E-1 8.54382E-1 8.58043E-1 8.68076E-1 8.69824E-1 8.72255E-1 8.63479E-1 8.80674E-1 8.71197E-1 8.90692E-1 8.99864E-1 9.01091E-1 9.11216E-1 9.25384E-1 9.21262E-1 9.1594E-1 9.20603E-1 9.13934E-1 9.05508E-1 9.0292E-1 8.94477E-1 8.86645E-1 8.9559E-1 8.91022E-1 8.89476E-1 8.72135E-1 8.86485E-1 8.77411E-1 8.91672E-1 8.97805E-1 9.02871E-1 8.99914E-1 8.95386E-1 8.79378E-1 8.74282E-1 8.82569E-1 8.90012E-1 8.86868E-1 8.41647E-1 8.02244E-1 7.09554E-1 7.14061E-1 7.15347E-1 7.15347E-1
6.08799E-2 1.67461E-1 1.80752E-1 2.57314E-1 3.51251E-1 4.44564E-1 4.31807E-1 5.02348E-1 4.95529E-1 5.90106E-1 6.05763E-1 5.84139E-1 5.76963E-1 6.20741E-1 6.15983E-1 6.00877E-1 6.41201E-1 6.51546E-1 6.77001E-1 6.79362E-1 6.86432E-1 7.8071E-1 7.87492E-1 8.06608E-1 8.34618E-1 8.40432E-1 8.44256E-1 8.51042E-1 8.62041E-1 8.63829E-1 8.67024E-1 8.56248E-1 8.88585E-1 8.77214E-1 8.74429E-1 8.84331E-1 8.90037E-1 9.03767E-1 9.22834E-1 9.22834E-1 9.33011E-1 9.23223E-1 9.13679E-1 8.85888E-1 8.82635E-1 8.75983E-1 8.88585E-1 8.83784E-1 8.91386E-1 8.89842E-1 8.81707E-1 8.84904E-1 8.7574E-1 8.8594E-1 8.96007E-1 9.01999E-1 9.01999E-1 9.0052E-1 8.92541E-1 8.9992E-1 8.96936E-1 8.95425E-1 8.85279E-1 8.81665E-1 8.50885E-1 7.58153E-1 7.51753E-1 7.01962E-1 6.9971E-1
5.62824E-2 1.1496E-1 1.38317E-1 1.80783E-1 3.66372E-1 4.7937E-1 3.38566E-1 3.41654E-1 3.83274E-1 5.21037E-1 5.76758E-1 6.01013E-1 5.86703E-1 6.01498E-1 5.94386E-1 6.21417E-1 6.19055E-1 6.53889E-1 6.58571E-1 7.00446E-1 7.02781E-1 7.53172E-1 7.66566E-1 7.71461E-1 7.86893E-1 8.35785E-1 8.35785E-1 8.41596E-1 8.54774E-1 8.55136E-1 8.56967E-1 8.44304E-1 8.14638E-1 8.20328E-1 8.36484E-1 8.29383E-1 8.72257E-1 8.91947E-1 9.14022E-1 9.00722E-1 9.32753E-1 9.22942E-1 8.96884E-1 8.87497E-1 8.85888E-1 8.82984E-1 8.72585E-1 8.65647E-1 8.96916E-1 8.93904E-1 8.78009E-1 8.81283E-1 8.76109E-1 8.84331E-1 8.94477E-1 8.99636E-1 9.01999E-1 9.0052E-1 8.94711E-1 8.91619E-1 8.92367E-1 8.8926E-1 8.84312E-1 8.74481E-1 8.4844E-1 8.29701E-1 7.82367E-1 7.82367E-1 7.01962E-1
2.68412E-2 3.80155E-2 1.85011E-1 2.31832E-1 3.04672E-1 2.62154E-1 2.56546E-1 2.47778E-1 2.99303E-1 3.63813E-1 5.67357E-1 5.90821E-1 5.81235E-1 6.2286E-1 6.18135E-1 6.11053E-1 6.2203E-1 6.48558E-1 6.55586E-1 7.02781E-1 7.05113E-1 7.60662E-1 7.69532E-1 8.2913E-1 8.40755E-1 8.28338E-1 8.28338E-1 8.34618E-1 8.68327E-1 8.48437E-1 8.50309E-1 8.37776E-1 7.99213E-1 8.13689E-1 8.15711E-1 8.07178E-1 8.50396E-1 8.56248E-1 8.8567E-1 8.97685E-1 9.17547E-1 9.0784E-1 8.99016E-1 8.91011E-1 8.87837E-1 8.87837E-1 8.75983E-1 8.73638E-1 9.01086E-1 8.98143E-1 8.96653E-1 8.89925E-1 8.94518E-1 8.87886E-1 8.98748E-1 9.0465E-1 9.06944E-1 9.05508E-1 9.02597E-1 8.97472E-1 8.86238E-1 8.81383E-1 8.84312E-1 8.69409E-1 8.5416E-1 8.41371E-1 7.89544E-1 7.89544E-1 7.27889E-1
5.15459E-2 8.20178E-2 2.08269E-1 2.02687E-1 2.28698E-1 2.30726E-1 2.40502E-1 2.41558E-1 3.24546E-1 4.02879E-1 5.18841E-1 5.32676E-1 5.76453E-1 6.50165E-1 5.95155E-1 5.92821E-1 6.1912E-1 6.54362E-1 6.70845E-1 6.75541E-1 6.95656E-1 7.075E-1 7.3007E-1 7.63949E-1 7.72844E-1 8.15487E-1 8.1753E-1 8.19563E-1 8.61274E-1 8.42757E-1 8.70795E-1 8.93056E-1 8.56414E-1 7.90041E-1 7.984E-1 8.10381E-1 8.6018E-1 8.46957E-1 8.7906E-1 8.95222E-1 8.98299E-1 9.10977E-1 9.0526E-1 8.9476E-1 8.90071E-1 8.90709E-1 8.85613E-1 8.80709E-1 8.75695E-1 9.00582E-1 8.97609E-1 8.90919E-1 8.94E-1 8.96007E-1 9.03466E-1 9.10348E-1 9.16686E-1 9.13679E-1 9.10917E-1 9.0433E-1 8.91619E-1 8.83674E-1 8.771E-1 8.76354E-1 8.66184E-1 8.4874E-1 7.93652E-1 8.1568E-1 7.65305E-1
6.94067E-2 1.09206E-1 1.45176E-1 2.0145E-1 1.98797E-1 2.38991E-1 2.75851E-1 2.69953E-1 3.0706E-1 3.35687E-1 4.32474E-1 5.46439E-1 6.23249E-1 6.04504E-1 5.47051E-1 5.31231E-1 5.63366E-1 5.84226E-1 6.48306E-1 6.53095E-1 6.98031E-1 7.09858E-1 7.61872E-1 7.72926E-1 8.08072E-1 8.14226E-1 8.4353E-1 8.45416E-1 8.22249E-1 8.65572E-1 8.67325E-1 8.54818E-1 8.56329E-1 8.02262E-1 7.88084E-1 8.14067E-1 8.63389E-1 8.88477E-1 8.81739E-1 8.94597E-1 8.97384E-1 9.14605E-1 9.10439E-1 8.96298E-1 8.91646E-1 8.91646E-1 8.90407E-1 8.87223E-1 8.81376E-1 9.07899E-1 9.06492E-1 8.99569E-1 9.01046E-1 9.08242E-1 9.08103E-1 9.1398E-1 9.18019E-1 9.15041E-1 9.14535E-1 9.06361E-1 8.97523E-1 8.88826E-1 8.8403E-1 8.86953E-1 8.78888E-1 8.61771E-1 8.54654E-1 8.36786E-1 8.31039E-1
2.93092E-2 1.04572E-1 1.43954E-1 1.97617E-1 1.97617E-1 2.83064E-1 2.90494E-1 2.96615E-1 3.19969E-1 3.98955E-1 4.70264E-1 5.47316E-1 6.20904E-1 5.88158E-1 5.17575E-1 4.69179E-1 4.97342E-1 5.4777E-1 6.61364E-1 6.66141E-1 7.33678E-1 7.33678E-1 7.24454E-1 7.484E-1 7.73928E-1 7.82635E-1 8.11716E-1 8.15796E-1 8.20229E-1 8.22249E-1 8.60932E-1 8.20299E-1 8.42953E-1 8.0338E-1 7.74301E-1 7.97941E-1 8.4667E-1 8.71819E-1 8.85029E-1 8.97685E-1 8.96929E-1 8.90677E-1 8.83727E-1 8.73651E-1 8.9354E-1 8.9354E-1 8.94793E-1 8.92612E-1 8.87871E-1 8.84648E-1 9.08636E-1 9.10025E-1 9.0971E-1 9.15188E-1 9.11483E-1 9.17771E-1 9.19094E-1 9.2146E-1 9.20161E-1 9.16185E-1 9.01123E-1 8.94138E-1 8.92594E-1 8.98961E-1 8.89813E-1 8.75278E-1 8.61771E-1 8.44308E-1 8.48101E-1
4.44066E-2 1.01669E-1 1.23306E-1 2.24924E-1 2.43824E-1 3.28389E-1 3.88303E-1 5.38392E-1 5.38392E-1 5.29105E-1 5.29105E-1 5.68282E-1 5.68282E-1 5.40352E-1 4.52839E-1 4.12176E-1 4.62152E-1 5.79515E-1 6.36474E-1 6.89714E-1 6.92079E-1 7.55759E-1 7.51324E-1 7.37477E-1 7.85039E-1 7.85039E-1 7.93593E-1 8.27171E-1 8.33059E-1 8.20229E-1 8.32273E-1 8.07983E-1 8.46695E-1 7.98733E-1 8.02922E-1 8.33709E-1 8.72912E-1 8.89397E-1 8.91458E-1 8.94597E-1 8.95385E-1 8.87475E-1 8.80828E-1 8.70624E-1 8.95261E-1 8.95261E-1 8.96227E-1 8.96227E-1 8.95261E-1 8.93137E-1 9.20003E-1 9.20003E-1 9.17071E-1 9.19698E-1 9.15339E-1 9.16686E-1 9.2146E-1 9.22747E-1 9.24021E-1 9.0204E-1 9.11224E-1 9.09826E-1 9.09206E-1 9.03466E-1 8.94425E-1 8.81744E-1 8.8215E-1 8.72615E-1 8.64105E-1
3.54683E-2 3.64677E-2 8.3109E-2 1.11153E-1 2.51399E-1 2.83318E-1 4.24199E-1 5.38392E-1 5.247E-1 4.99872E-1 5.01849E-1 5.10935E-1 5.45213E-1 5.00758E-1 4.23579E-1 4.10788E-1 4.46591E-1 5.07728E-1 6.11467E-1 6.87346E-1 6.92079E-1 7.12495E-1 7.17159E-1 7.44319E-1 7.51112E-1 7.77798E-1 7.84301E-1 8.02123E-1 8.08397E-1 8.21284E-1 8.08994E-1 7.84591E-1 7.78045E-1 8.07078E-1 8.17312E-1 8.48181E-1 8.60966E-1 8.78385E-1 8.89856E-1 8.94291E-1 8.92725E-1 8.85855E-1 8.79158E-1 8.68882E-1 8.92644E-1 8.92644E-1 8.92644E-1 8.942E-1 8.97753E-1 8.97753E-1 9.23812E-1 9.22856E-1 9.25144E-1 9.26384E-1 9.27612E-1 9.18558E-1 9.22747E-1 9.24021E-1 9.0787E-1 9.04981E-1 9.18019E-1 9.19339E-1 9.20116E-1 9.16139E-1 9.08631E-1 8.96908E-1 8.82352E-1 8.7574E-1 8.7713E-1
3.00127E-2 2.64082E-2 9.71927E-2 1.65396E-1 2.75211E-1 2.76422E-1 3.89833E-1 4.15723E-1 4.43078E-1 4.34746E-1 4.63063E-1 4.76026E-1 4.9746E-1 4.12803E-1 3.67792E-1 3.67792E-1 4.30098E-1 4.91828E-1 6.17351E-1 6.77035E-1 6.74655E-1 6.88903E-1 7.17159E-1 7.12495E-1 7.47883E-1 7.66819E-1 7.77798E-1 7.89649E-1 7.80976E-1 7.72185E-1 8.02922E-1 8.13487E-1 8.13487E-1 8.11703E-1 8.01721E-1 8.3425E-1 8.60581E-1 8.8339E-1 8.93034E-1 8.92725E-1 8.89556E-1 8.82578E-1 8.75875E-1 8.66575E-1 8.63024E-1 8.90496E-1 8.90496E-1 8.9168E-1 8.94282E-1 8.95823E-1 8.97353E-1 9.24119E-1 9.22856E-1 9.29651E-1 9.30844E-1 9.02721E-1 9.03265E-1 9.07625E-1 9.10468E-1 9.12825E-1 9.11428E-1 9.1184E-1 9.06984E-1 9.05538E-1 9.19049E-1 9.12304E-1 9.06677E-1 8.97805E-1 8.83316E-1
2.24587E-2 2.77853E-2 5.0657E-2 8.17819E-2 2.27627E-1 2.32801E-1 2.6362E-1 3.78112E-1 4.06924E-1 3.95585E-1 3.81428E-1 3.8833E-1 4.50123E-1 4.10805E-1 3.62513E-1 3.63963E-1 4.34984E-1 4.85334E-1 5.95826E-1 6.29336E-1 6.9734E-1 6.87887E-1 7.20999E-1 7.18692E-1 7.19285E-1 7.37738E-1 7.66314E-1 7.66314E-1 7.7761E-1 7.66629E-1 8.02433E-1 7.79328E-1 7.77151E-1 8.02771E-1 8.10076E-1 8.3425E-1 8.68061E-1 8.85683E-1 8.92093E-1 8.92725E-1 8.87952E-1 8.81413E-1 8.75781E-1 8.64805E-1 8.63024E-1 8.86574E-1 8.88177E-1 8.92156E-1 8.95261E-1 8.95823E-1 8.95823E-1 9.21439E-1 9.16938E-1 9.16348E-1 9.17675E-1 9.12655E-1 9.16731E-1 9.01786E-1 9.07625E-1 9.10022E-1 9.12821E-1 9.14605E-1 9.13229E-1 9.08721E-1 9.0729E-1 9.01408E-1 8.98405E-1 8.91279E-1 8.96856E-1
2.33037E-2 3.03773E-2 3.89262E-2 7.43694E-2 8.86069E-2 2.01085E-1 2.21069E-1 3.48662E-1 3.5154E-1 3.83188E-1 3.77151E-1 3.58993E-1 3.62796E-1 3.90684E-1 3.6962E-1 3.74039E-1 3.77006E-1 5.03206E-1 5.50378E-1 6.76425E-1 6.75849E-1 6.68751E-1 6.72001E-1 6.76763E-1 6.81518E-1 7.22867E-1 7.57406E-1 7.55163E-1 7.8973E-1 7.8333E-1 7.76337E-1 7.82807E-1 8.21303E-1 8.36928E-1 8.15812E-1 8.35785E-1 8.66301E-1 8.78371E-1 8.91147E-1 8.87952E-1 8.83727E-1 8.77059E-1 8.72355E-1 8.90584E-1 8.88516E-1 8.86916E-1 8.87904E-1 8.89496E-1 8.9116E-1 8.93792E-1 8.84254E-1 9.01687E-1 9.03135E-1 9.10191E-1 9.14829E-1 9.1748E-1 8.8943E-1 8.98317E-1 9.04274E-1 9.06717E-1 9.10986E-1 9.13767E-1 9.16925E-1 9.12935E-1 9.11543E-1 9.12374E-1 9.09567E-1 9.03172E-1 8.89397E-1
