Week 7/1_MaxEnt/output/Hippodamia_variegata_projection_novel.asc
ncols         950
nrows         550
xllcorner     -14.0
yllcorner     49.0
cellsize      0.02
NODATA_value  -9999
[rows 403 to 433 of 550, columns 710 to 780 of 950]
1.65715E1 1.65715E1 1.70134E1 1.70134E1 1.27969E1 1.27969E1 8.98545E0 8.98545E0 8.98545E0 8.98545E0 7.08893E0 7.08893E0 4.78733E0 3.71939E0 3.95876E0 3.31431E0 3.31431E0 3.71939E0 3.71939E0 3.71939E0 3.71939E0 3.60891E0 3.60891E0 3.71939E0 3.46161E0 3.71939E0 4.08765E0 4.08765E0 4.08765E0 4.78733E0 4.64003E0 4.64003E0 4.78733E0 4.64003E0 5.10035E0 5.10035E0 5.24765E0 5.24765E0 5.24765E0 5.24765E0 5.54226E0 5.83686E0 5.83686E0 5.10035E0 5.83686E0 6.20512E0 6.20512E0 6.48131E0 6.48131E0 6.70226E0 6.70226E0 5.24765E0 -9999 -9999 -9999 -9999 -9999 -9999 -9999 -9999 -9999 -9999 -9999 -9999 -9999 -9999 -9999 -9999 -9999 -9999 -9999
1.90204E1 1.78052E1 1.55404E1 1.55404E1 1.27969E1 1.27969E1 8.98545E0 8.98545E0 8.37783E0 8.37783E0 6.97846E0 6.97846E0 5.10035E0 3.95876E0 3.95876E0 3.95876E0 3.31431E0 3.60891E0 3.60891E0 3.95876E0 3.95876E0 3.71939E0 3.71939E0 3.95876E0 4.08765E0 4.08765E0 4.08765E0 3.60891E0 3.60891E0 3.90352E0 3.95876E0 3.95876E0 4.64003E0 4.64003E0 5.10035E0 4.4559E0 4.78733E0 4.78733E0 4.97146E0 4.97146E0 5.24765E0 5.24765E0 5.24765E0 5.24765E0 5.83686E0 5.83686E0 6.20512E0 6.20512E0 6.20512E0 6.0394E0 6.0394E0 -9999 -9999 -9999 -9999 -9999 -9999 -9999 -9999 -9999 -9999 -9999 -9999 -9999 -9999 -9999 -9999 -9999 -9999 -9999 -9999
1.94623E1 1.85417E1 1.85417E1 1.70134E1 1.70134E1 1.21156E1 1.21156E1 8.98545E0 8.37783E0 7.7518E0 6.0394E0 6.0394E0 5.24765E0 5.24765E0 4.3086E0 4.97146E0 3.95876E0 3.95876E0 3.71939E0 3.31431E0 3.31431E0 4.08765E0 4.08765E0 4.08765E0 4.08765E0 4.08765E0 3.95876E0 3.71939E0 3.71939E0 3.60891E0 3.60891E0 3.90352E0 3.90352E0 4.08765E0 4.08765E0 4.4559E0 4.78733E0 4.4559E0 4.97146E0 4.97146E0 5.06352E0 5.06352E0 5.24765E0 5.24765E0 5.10035E0 5.10035E0 5.83686E0 5.54226E0 5.54226E0 -9999 -9999 4.97146E0 -9999 -9999 -9999 -9999 -9999 -9999 -9999 -9999 -9999 -9999 -9999 -9999 -9999 -9999 -9999 -9999 -9999 -9999 -9999
1.94623E1 1.75106E1 1.75106E1 1.58903E1 1.58903E1 1.33677E1 1.33677E1 1.07715E1 7.7518E0 7.7518E0 7.7518E0 5.83686E0 5.83686E0 5.24765E0 4.97146E0 4.97146E0 3.95876E0 3.95876E0 4.3086E0 4.3086E0 3.31431E0 3.31431E0 3.60891E0 3.60891E0 2.94605E0 3.95876E0 3.95876E0 3.71939E0 3.71939E0 3.46161E0 3.60891E0 3.71939E0 3.71939E0 4.3086E0 4.3086E0 3.95876E0 3.90352E0 4.08765E0 4.08765E0 4.78733E0 4.78733E0 4.97146E0 4.97146E0 4.97146E0 5.10035E0 5.10035E0 5.83686E0 5.24765E0 5.10035E0 5.10035E0 -9999 -9999 5.10035E0 -9999 -9999 -9999 -9999 -9999 -9999 -9999 -9999 -9999 -9999 -9999 -9999 -9999 -9999 -9999 -9999 -9999 -9999
1.94623E1 1.94623E1 1.62217E1 1.42883E1 1.42883E1 1.21156E1 1.21156E1 1.07715E1 1.07715E1 7.7518E0 7.97275E0 6.0394E0 6.0394E0 5.24765E0 4.97146E0 4.97146E0 4.97146E0 4.4559E0 4.4559E0 4.3086E0 3.90352E0 3.90352E0 3.71939E0 3.71939E0 3.46161E0 3.46161E0 3.46161E0 3.95876E0 3.90352E0 3.90352E0 3.95876E0 3.71939E0 3.71939E0 4.08765E0 4.08765E0 3.90352E0 3.90352E0 4.08765E0 -9999 4.08765E0 4.08765E0 4.78733E0 5.06352E0 5.06352E0 5.06352E0 5.06352E0 5.06352E0 5.24765E0 5.10035E0 5.83686E0 5.24765E0 5.24765E0 -9999 -9999 -9999 -9999 -9999 -9999 -9999 -9999 -9999 -9999 -9999 -9999 -9999 -9999 -9999 -9999 -9999 -9999 -9999
1.94623E1 1.94623E1 1.62217E1 1.62217E1 1.33677E1 1.33677E1 1.27969E1 1.27969E1 1.10845E1 7.97275E0 7.97275E0 6.0394E0 6.48131E0 5.24765E0 5.24765E0 5.24765E0 5.24765E0 4.78733E0 4.78733E0 3.95876E0 3.60891E0 3.60891E0 3.31431E0 3.31431E0 3.31431E0 2.81716E0 3.95876E0 3.95876E0 3.90352E0 3.90352E0 3.71939E0 3.71939E0 3.71939E0 3.71939E0 3.05653E0 3.05653E0 4.08765E0 3.90352E0 -9999 4.08765E0 3.71939E0 4.3086E0 4.3086E0 4.97146E0 4.97146E0 5.10035E0 5.10035E0 5.24765E0 5.24765E0 5.24765E0 -9999 -9999 -9999 -9999 -9999 -9999 -9999 -9999 -9999 -9999 -9999 -9999 -9999 -9999 -9999 -9999 -9999 -9999 -9999 -9999 -9999
1.70134E1 1.70134E1 1.62217E1 1.62217E1 1.31099E1 1.31099E1 1.15632E1 1.15632E1 1.15632E1 9.29847E0 9.64832E0 9.64832E0 6.20512E0 6.20512E0 5.83686E0 5.06352E0 5.06352E0 4.3086E0 4.3086E0 3.95876E0 3.95876E0 3.05653E0 3.05653E0 3.31431E0 3.31431E0 4.78733E0 4.3086E0 4.3086E0 3.60891E0 3.60891E0 3.71939E0 3.71939E0 2.81716E0 2.81716E0 2.81716E0 2.81716E0 2.81716E0 3.31431E0 3.31431E0 -9999 -9999 3.71939E0 3.71939E0 4.97146E0 4.97146E0 5.10035E0 5.10035E0 4.97146E0 4.97146E0 -9999 -9999 -9999 -9999 -9999 -9999 -9999 -9999 -9999 -9999 -9999 -9999 -9999 -9999 -9999 -9999 -9999 -9999 -9999 -9999 -9999 -9999
1.81366E1 1.75106E1 1.81366E1 1.62217E1 1.31099E1 1.31099E1 1.15632E1 1.15632E1 1.10845E1 1.10845E1 9.64832E0 9.64832E0 6.20512E0 6.70226E0 6.48131E0 5.54226E0 5.54226E0 5.54226E0 4.3086E0 4.3086E0 3.90352E0 3.05653E0 3.05653E0 4.78733E0 4.78733E0 4.78733E0 4.78733E0 4.3086E0 4.3086E0 3.90352E0 3.90352E0 2.63303E0 -9999 -9999 2.70668E0 2.70668E0 3.60891E0 -9999 -9999 -9999 -9999 3.46161E0 3.90352E0 4.64003E0 4.64003E0 4.64003E0 -9999 -9999 -9999 -9999 -9999 -9999 -9999 -9999 -9999 -9999 -9999 -9999 -9999 -9999 -9999 -9999 -9999 -9999 -9999 -9999 -9999 -9999 -9999 -9999 -9999
2.09538E1 1.81366E1 1.81366E1 1.62217E1 1.62217E1 1.31099E1 1.31099E1 1.13607E1 1.13607E1 9.29847E0 8.1937E0 8.1937E0 6.70226E0 6.70226E0 6.48131E0 6.70226E0 5.10035E0 5.10035E0 4.3086E0 4.3086E0 3.90352E0 2.70668E0 2.94605E0 3.46161E0 3.46161E0 3.46161E0 2.70668E0 2.70668E0 2.70668E0 2.94605E0 2.94605E0 2.63303E0 2.63303E0 -9999 -9999 -9999 -9999 -9999 -9999 -9999 -9999 -9999 -9999 -9999 -9999 -9999 -9999 -9999 -9999 -9999 -9999 -9999 -9999 -9999 -9999 -9999 -9999 -9999 -9999 -9999 -9999 -9999 -9999 -9999 -9999 -9999 -9999 -9999 -9999 -9999 -9999
1.98858E1 1.85417E1 1.85417E1 1.52826E1 1.52826E1 1.31099E1 1.31099E1 1.18579E1 1.18579E1 8.67244E0 7.97275E0 7.97275E0 7.97275E0 7.29147E0 6.97846E0 5.54226E0 4.4559E0 4.4559E0 3.90352E0 3.90352E0 3.90352E0 3.90352E0 2.94605E0 2.94605E0 2.46732E0 2.46732E0 2.63303E0 2.63303E0 2.63303E0 2.81716E0 2.81716E0 2.70668E0 -9999 -9999 -9999 -9999 -9999 -9999 -9999 -9999 -9999 -9999 -9999 -9999 -9999 -9999 -9999 -9999 -9999 -9999 -9999 -9999 -9999 -9999 -9999 -9999 -9999 -9999 -9999 -9999 -9999 -9999 -9999 -9999 -9999 -9999 -9999 -9999 -9999 -9999 -9999
1.85417E1 1.85417E1 1.75106E1 1.75106E1 1.55404E1 1.48776E1 1.65715E1 1.33677E1 1.33677E1 1.0974E1 1.0974E1 7.7518E0 7.7518E0 6.97846E0 6.97846E0 5.54226E0 6.48131E0 6.48131E0 6.48131E0 9.88768E0 9.88768E0 4.97146E0 3.46161E0 3.46161E0 2.46732E0 -9999 -9999 -9999 -9999 -9999 -9999 -9999 -9999 2.70668E0 3.05653E0 -9999 -9999 -9999 -9999 -9999 -9999 -9999 -9999 -9999 -9999 -9999 -9999 -9999 -9999 -9999 -9999 -9999 -9999 -9999 -9999 -9999 -9999 -9999 -9999 -9999 -9999 -9999 -9999 -9999 -9999 -9999 -9999 -9999 -9999 -9999 -9999
1.85417E1 1.85417E1 1.58903E1 1.58903E1 1.81366E1 1.81366E1 1.65715E1 1.65715E1 1.55404E1 1.55404E1 1.31099E1 9.88768E0 9.88768E0 8.37783E0 8.37783E0 5.24765E0 5.24765E0 6.48131E0 7.53084E0 7.97275E0 7.97275E0 5.54226E0 3.46161E0 3.46161E0 -9999 2.81716E0 2.81716E0 -9999 2.46732E0 2.46732E0 2.63303E0 2.63303E0 3.05653E0 3.05653E0 3.05653E0 3.05653E0 -9999 -9999 -9999 -9999 -9999 -9999 -9999 -9999 -9999 -9999 -9999 -9999 -9999 -9999 -9999 -9999 -9999 -9999 -9999 -9999 -9999 -9999 -9999 -9999 -9999 -9999 -9999 -9999 -9999 -9999 -9999 -9999 -9999 -9999 -9999
1.75106E1 1.75106E1 1.75106E1 1.75106E1 1.85417E1 1.85417E1 1.75106E1 1.75106E1 1.55404E1 1.55404E1 1.18579E1 1.18579E1 1.18579E1 1.18579E1 9.64832E0 9.64832E0 6.70226E0 8.1937E0 8.1937E0 7.29147E0 7.29147E0 6.70226E0 6.70226E0 3.60891E0 3.60891E0 2.81716E0 2.81716E0 2.63303E0 3.46161E0 3.46161E0 3.95876E0 3.95876E0 3.60891E0 3.60891E0 3.46161E0 3.46161E0 -9999 -9999 -9999 -9999 -9999 -9999 -9999 -9999 -9999 -9999 -9999 -9999 -9999 -9999 -9999 -9999 -9999 -9999 -9999 -9999 -9999 -9999 -9999 -9999 -9999 -9999 -9999 -9999 -9999 -9999 -9999 -9999 -9999 -9999 -9999
2.09538E1 1.75106E1 1.98858E1 2.45075E1 2.45075E1 1.85417E1 1.78052E1 1.78052E1 1.48776E1 1.33677E1 1.42883E1 1.42883E1 1.52826E1 1.52826E1 1.07715E1 1.07715E1 8.1937E0 8.1937E0 8.1937E0 6.97846E0 7.29147E0 7.29147E0 6.70226E0 4.08765E0 4.08765E0 3.31431E0 3.31431E0 3.46161E0 3.46161E0 3.46161E0 4.64003E0 3.71939E0 3.71939E0 3.46161E0 3.46161E0 3.46161E0 -9999 -9999 -9999 -9999 -9999 -9999 -9999 -9999 -9999 -9999 -9999 -9999 -9999 -9999 -9999 -9999 -9999 -9999 -9999 -9999 -9999 -9999 -9999 -9999 -9999 -9999 -9999 -9999 -9999 -9999 -9999 -9999 -9999 -9999 -9999
1.85417E1 2.26294E1 2.26294E1 2.45075E1 2.45075E1 1.78052E1 1.78052E1 1.70134E1 1.70134E1 1.33677E1 1.33677E1 1.52826E1 1.36807E1 1.36807E1 1.13607E1 1.13607E1 8.37783E0 8.37783E0 6.97846E0 6.97846E0 7.29147E0 5.06352E0 3.95876E0 3.71939E0 3.71939E0 3.60891E0 3.60891E0 3.60891E0 3.95876E0 3.95876E0 3.95876E0 3.31431E0 3.31431E0 3.05653E0 -9999 -9999 -9999 -9999 -9999 -9999 -9999 -9999 -9999 -9999 -9999 -9999 -9999 -9999 -9999 -9999 -9999 -9999 -9999 -9999 -9999 -9999 -9999 -9999 -9999 -9999 -9999 -9999 -9999 -9999 -9999 -9999 -9999 -9999 -9999 -9999 -9999
2.45075E1 2.26294E1 2.26294E1 2.35684E1 2.35684E1 2.20401E1 2.20401E1 1.75106E1 1.75106E1 1.36807E1 1.36807E1 1.52826E1 1.36807E1 1.10845E1 1.10845E1 9.29847E0 9.29847E0 7.08893E0 6.0394E0 6.0394E0 6.97846E0 6.97846E0 4.4559E0 4.4559E0 3.95876E0 3.95876E0 3.71939E0 3.71939E0 3.71939E0 3.95876E0 3.95876E0 -9999 -9999 -9999 -9999 -9999 -9999 -9999 -9999 -9999 -9999 -9999 -9999 -9999 -9999 -9999 -9999 -9999 -9999 -9999 -9999 -9999 -9999 -9999 -9999 -9999 -9999 -9999 -9999 -9999 -9999 -9999 -9999 -9999 -9999 -9999 -9999 -9999 -9999 -9999 -9999
2.20401E1 2.20401E1 1.90204E1 1.90204E1 2.35684E1 2.5336E1 2.35684E1 1.85417E1 1.85417E1 1.70134E1 1.70134E1 1.48776E1 1.10845E1 1.05874E1 1.05874E1 8.1937E0 8.1937E0 7.08893E0 6.20512E0 6.20512E0 6.97846E0 6.97846E0 8.98545E0 6.97846E0 4.97146E0 4.97146E0 4.08765E0 4.08765E0 3.46161E0 3.46161E0 3.05653E0 3.05653E0 -9999 3.05653E0 3.31431E0 -9999 -9999 -9999 -9999 -9999 -9999 -9999 -9999 -9999 -9999 -9999 -9999 -9999 -9999 -9999 -9999 -9999 -9999 -9999 -9999 -9999 -9999 -9999 -9999 -9999 -9999 -9999 -9999 -9999 -9999 -9999 -9999 -9999 -9999 -9999 -9999
1.81366E1 1.75106E1 1.78052E1 1.78052E1 1.81366E1 1.81366E1 1.81366E1 1.81366E1 1.62217E1 1.62217E1 1.55404E1 1.55404E1 1.10845E1 1.05874E1 1.07715E1 8.98545E0 8.98545E0 8.37783E0 8.37783E0 9.64832E0 9.64832E0 8.98545E0 8.98545E0 6.97846E0 4.97146E0 4.97146E0 3.95876E0 3.95876E0 3.60891E0 3.60891E0 3.05653E0 3.05653E0 3.05653E0 3.05653E0 -9999 -9999 -9999 -9999 -9999 -9999 -9999 -9999 -9999 -9999 -9999 -9999 -9999 -9999 -9999 -9999 -9999 -9999 -9999 -9999 -9999 -9999 -9999 -9999 -9999 -9999 -9999 -9999 -9999 -9999 -9999 -9999 -9999 -9999 -9999 -9999 -9999
1.62217E1 1.70134E1 1.81366E1 1.81366E1 1.81366E1 1.81366E1 1.33677E1 1.27969E1 1.36807E1 1.36807E1 1.65715E1 1.65715E1 1.25207E1 1.07715E1 1.07715E1 1.07715E1 9.64832E0 9.64832E0 1.13607E1 1.31099E1 1.31099E1 9.88768E0 9.88768E0 6.70226E0 6.70226E0 4.97146E0 4.97146E0 4.78733E0 4.78733E0 3.71939E0 3.46161E0 3.46161E0 3.46161E0 -9999 -9999 -9999 -9999 -9999 -9999 -9999 -9999 -9999 -9999 -9999 -9999 -9999 -9999 -9999 -9999 -9999 -9999 -9999 -9999 -9999 -9999 -9999 -9999 -9999 -9999 -9999 -9999 -9999 -9999 -9999 -9999 -9999 -9999 -9999 -9999 -9999 -9999
1.58903E1 1.70134E1 1.70134E1 1.55404E1 1.55404E1 1.33677E1 1.33677E1 1.27969E1 1.48776E1 1.48776E1 1.78052E1 1.78052E1 1.33677E1 1.33677E1 1.05874E1 1.05874E1 7.84386E0 7.84386E0 7.84386E0 7.84386E0 7.84386E0 7.84386E0 7.84386E0 7.84386E0 7.08893E0 5.10035E0 7.08893E0 4.97146E0 4.97146E0 4.08765E0 4.08765E0 -9999 -9999 -9999 -9999 -9999 -9999 -9999 -9999 -9999 -9999 -9999 -9999 -9999 -9999 -9999 -9999 -9999 -9999 -9999 -9999 -9999 -9999 -9999 -9999 -9999 -9999 -9999 -9999 -9999 -9999 -9999 -9999 -9999 -9999 -9999 -9999 -9999 -9999 -9999 -9999
1.58903E1 1.58903E1 1.70134E1 1.70134E1 1.70134E1 1.42883E1 1.42883E1 1.27969E1 1.27969E1 1.48776E1 1.48776E1 1.42883E1 1.42883E1 1.18579E1 1.0035E1 7.84386E0 7.84386E0 7.84386E0 7.84386E0 7.84386E0 -9999 -9999 -9999 -9999 -9999 -9999 -9999 -9999 -9999 -9999 -9999 -9999 -9999 -9999 -9999 -9999 -9999 -9999 -9999 -9999 -9999 -9999 -9999 -9999 -9999 -9999 -9999 -9999 -9999 -9999 -9999 -9999 -9999 -9999 -9999 -9999 -9999 -9999 -9999 -9999 -9999 -9999 -9999 -9999 -9999 -9999 -9999 -9999 -9999 -9999 -9999
1.36439E1 1.51353E1 1.62033E1 1.68109E1 1.70134E1 1.58903E1 1.58903E1 1.58903E1 1.39201E1 1.36439E1 1.22629E1 1.0035E1 7.84386E0 -9999 -9999 -9999 -9999 -9999 -9999 -9999 -9999 -9999 -9999 -9999 -9999 -9999 -9999 -9999 -9999 -9999 -9999 -9999 -9999 -9999 -9999 -9999 -9999 -9999 -9999 -9999 -9999 -9999 -9999 -9999 -9999 -9999 -9999 -9999 -9999 -9999 -9999 -9999 -9999 -9999 -9999 -9999 -9999 -9999 -9999 -9999 -9999 -9999 -9999 -9999 -9999 -9999 -9999 -9999 -9999 -9999 -9999
1.22629E1 1.22629E1 1.11582E1 1.11582E1 1.22629E1 8.98545E0 1.0035E1 1.31468E1 1.36439E1 1.11582E1 7.84386E0 -9999 -9999 -9999 -9999 -9999 -9999 -9999 -9999 -9999 -9999 -9999 -9999 -9999 -9999 -9999 -9999 -9999 -9999 -9999 -9999 -9999 -9999 -9999 -9999 -9999 -9999 -9999 -9999 -9999 -9999 -9999 -9999 -9999 -9999 -9999 -9999 -9999 -9999 -9999 -9999 -9999 -9999 -9999 -9999 -9999 -9999 -9999 -9999 -9999 -9999 -9999 -9999 -9999 -9999 -9999 -9999 -9999 -9999 -9999 -9999
1.26312E1 1.22629E1 1.22629E1 1.22629E1 1.22629E1 1.11582E1 8.98545E0 7.84386E0 8.98545E0 7.84386E0 7.84386E0 -9999 -9999 8.98545E0 8.98545E0 7.84386E0 7.84386E0 7.84386E0 7.84386E0 -9999 7.84386E0 7.84386E0 7.84386E0 7.84386E0 7.84386E0 -9999 -9999 -9999 -9999 -9999 -9999 -9999 -9999 -9999 -9999 -9999 -9999 -9999 -9999 -9999 -9999 -9999 -9999 -9999 -9999 -9999 -9999 -9999 -9999 -9999 -9999 -9999 -9999 -9999 -9999 -9999 -9999 -9999 -9999 -9999 -9999 -9999 -9999 -9999 -9999 -9999 -9999 -9999 -9999 -9999 -9999
1.82839E1 1.81366E1 1.81366E1 1.78052E1 1.75106E1 1.75842E1 -9999 -9999 -9999 -9999 -9999 -9999 1.68109E1 1.68109E1 1.22629E1 8.98545E0 7.84386E0 7.84386E0 7.84386E0 7.84386E0 7.84386E0 7.84386E0 -9999 7.84386E0 7.84386E0 -9999 -9999 -9999 -9999 -9999 -9999 -9999 -9999 -9999 -9999 -9999 -9999 -9999 -9999 -9999 -9999 -9999 -9999 -9999 -9999 -9999 -9999 -9999 -9999 -9999 -9999 -9999 -9999 -9999 -9999 -9999 -9999 -9999 -9999 -9999 -9999 -9999 -9999 -9999 -9999 -9999 -9999 -9999 -9999 -9999 -9999
2.58148E1 2.45075E1 2.45075E1 2.45075E1 3.16332E1 2.48573E1 2.48573E1 2.39919E1 2.39919E1 2.39919E1 1.75106E1 1.75106E1 1.70134E1 1.70134E1 1.62033E1 1.11582E1 7.84386E0 7.84386E0 7.84386E0 7.84386E0 -9999 -9999 -9999 7.84386E0 -9999 -9999 7.84386E0 7.84386E0 7.84386E0 -9999 -9999 -9999 -9999 -9999 -9999 -9999 -9999 -9999 -9999 -9999 -9999 -9999 -9999 -9999 -9999 -9999 -9999 -9999 -9999 -9999 -9999 -9999 -9999 -9999 -9999 -9999 -9999 -9999 -9999 -9999 -9999 -9999 -9999 -9999 -9999 -9999 -9999 -9999 -9999 -9999 -9999
1.90941E1 1.90941E1 2.48573E1 2.48573E1 3.16332E1 2.48573E1 3.42847E1 3.3272E1 3.3272E1 3.37875E1 3.37875E1 3.0105E1 3.0105E1 2.62383E1 1.68109E1 1.31468E1 7.84386E0 -9999 -9999 -9999 -9999 -9999 -9999 7.84386E0 7.84386E0 7.84386E0 7.84386E0 7.84386E0 7.84386E0 7.84386E0 7.84386E0 7.84386E0 7.84386E0 -9999 7.84386E0 -9999 -9999 -9999 -9999 -9999 -9999 -9999 -9999 -9999 -9999 -9999 -9999 -9999 -9999 -9999 -9999 -9999 -9999 -9999 -9999 -9999 -9999 -9999 -9999 -9999 -9999 -9999 -9999 -9999 -9999 -9999 -9999 -9999 -9999 -9999 -9999
3.14675E1 3.14675E1 3.42847E1 3.42847E1 3.42847E1 3.42847E1 3.42847E1 3.3272E1 4.15209E1 4.15209E1 3.89983E1 3.61259E1 2.59437E1 2.27214E1 2.819E1 2.20586E1 2.67538E1 2.67538E1 2.67538E1 -9999 -9999 1.22629E1 -9999 -9999 8.98545E0 8.98545E0 -9999 -9999 7.84386E0 7.84386E0 7.84386E0 7.84386E0 7.84386E0 7.84386E0 7.84386E0 -9999 -9999 -9999 -9999 -9999 -9999 -9999 -9999 -9999 -9999 -9999 -9999 -9999 -9999 -9999 -9999 -9999 -9999 -9999 -9999 7.84386E0 7.84386E0 7.84386E0 7.84386E0 7.84386E0 7.84386E0 -9999 -9999 -9999 -9999 -9999 -9999 -9999 -9999 -9999 -9999
3.14675E1 3.14675E1 4.93648E1 4.93648E1 4.56638E1 4.56638E1 4.30123E1 5.28448E1 5.07089E1 5.07089E1 4.19444E1 2.64224E1 2.64224E1 2.62383E1 2.62383E1 2.72878E1 2.72878E1 3.73228E1 3.73228E1 2.64224E1 2.64224E1 2.20401E1 1.94623E1 1.94623E1 1.98858E1 1.75842E1 -9999 -9999 -9999 -9999 -9999 -9999 -9999 -9999 7.84386E0 -9999 -9999 -9999 -9999 -9999 -9999 -9999 -9999 -9999 -9999 -9999 1.11582E1 1.11582E1 1.0035E1 7.84386E0 7.84386E0 7.84386E0 7.84386E0 7.84386E0 7.84386E0 7.84386E0 7.84386E0 7.84386E0 7.84386E0 7.84386E0 7.84386E0 -9999 -9999 -9999 -9999 -9999 -9999 -9999 -9999 -9999 -9999
5.48886E1 5.48886E1 5.48886E1 5.63616E1 5.63616E1 5.38391E1 5.15743E1 4.80759E1 4.58111E1 4.93648E1 3.64942E1 3.22224E1 2.58148E1 2.58148E1 4.34542E1 4.34542E1 3.89983E1 3.73228E1 3.73228E1 2.64224E1 4.03241E1 2.95894E1 2.95894E1 2.72878E1 2.72878E1 2.58148E1 1.87627E1 1.62033E1 1.62033E1 1.51353E1 1.31468E1 1.0035E1 -9999 -9999 -9999 -9999 -9999 -9999 7.84386E0 1.62033E1 2.27214E1 2.20401E1 2.20401E1 1.85417E1 1.75842E1 1.62033E1 1.44172E1 1.36439E1 1.31468E1 8.98545E0 8.98545E0 8.98545E0 8.98545E0 1.0035E1 1.0035E1 7.84386E0 7.84386E0 7.84386E0 7.84386E0 7.84386E0 -9999 -9999 -9999 -9999 -9999 -9999 -9999 -9999 -9999 -9999 -9999
4.8573E1 5.05432E1 5.41521E1 5.23845E1 5.05432E1 5.05432E1 6.1775E1 6.1775E1 4.93648E1 4.93648E1 4.93648E1 2.64224E1 2.64224E1 2.64224E1 3.64942E1 3.64942E1 5.05432E1 4.50009E1 5.41521E1 5.74664E1 5.23476E1 5.23476E1 4.30123E1 3.64942E1 3.64942E1 3.0105E1 3.0105E1 2.58148E1 2.58148E1 3.06389E1 3.06389E1 2.67722E1 2.4397E1 2.11195E1 2.5336E1 2.5336E1 2.39919E1 2.39919E1 2.35684E1 2.35684E1 3.14675E1 3.14675E1 3.0105E1 3.0105E1 2.50783E1 2.11195E1 1.75842E1 1.62033E1 1.44172E1 1.11582E1 1.22629E1 1.31099E1 1.31099E1 1.18579E1 1.18579E1 1.0035E1 7.84386E0 -9999 -9999 -9999 -9999 -9999 -9999 -9999 -9999 -9999 -9999 -9999 -9999 -9999 -9999
