Week 7/1_MaxEnt/output/Hippodamia_variegata_projection.asc
ncols         950
nrows         550
xllcorner     -14.0
yllcorner     49.0
cellsize      0.02
NODATA_value  -9999
[rows 62 to 92 of 550, columns 483 to 551 of 950]
-9999 -9999 -9999 -9999 -9999 -9999 -9999 -9999 -9999 -9999 -9999 -9999 -9999 -9999 -9999 -9999 -9999 -9999 -9999 -9999 -9999 -9999 -9999 -9999 -9999 -9999 -9999 -9999 -9999 -9999 -9999 -9999 -9999 -9999 -9999 -9999 -9999 -9999 -9999 -9999 -9999 -9999 -9999 -9999 -9999 -9999 -9999 -9999 -9999 -9999 -9999 -9999 -9999 -9999 -9999 -9999 -9999 -9999 -9999 -9999 -9999 -9999 -9999 -9999 -9999 -9999 -9999 -9999 2.1933E-2
-9999 -9999 -9999 -9999 -9999 -9999 -9999 -9999 -9999 -9999 -9999 -9999 -9999 -9999 -9999 -9999 -9999 -9999 -9999 -9999 -9999 -9999 -9999 -9999 -9999 -9999 -9999 -9999 -9999 -9999 -9999 -9999 -9999 -9999 -9999 -9999 -9999 -9999 -9999 -9999 -9999 -9999 -9999 -9999 -9999 -9999 -9999 -9999 -9999 -9999 -9999 -9999 -9999 -9999 -9999 -9999 -9999 -9999 -9999 -9999 -9999 -9999 -9999 -9999 -9999 -9999 -9999 -9999 -9999
-9999 -9999 -9999 -9999 -9999 -9999 -9999 -9999 -9999 -9999 -9999 -9999 -9999 -9999 -9999 -9999 -9999 -9999 -9999 -9999 -9999 -9999 -9999 -9999 -9999 -9999 -9999 -9999 -9999 -9999 -9999 -9999 -9999 -9999 -9999 -9999 -9999 -9999 -9999 -9999 -9999 -9999 -9999 -9999 -9999 -9999 -9999 -9999 -9999 -9999 -9999 -9999 -9999 -9999 -9999 -9999 -9999 -9999 -9999 -9999 -9999 -9999 -9999 -9999 -9999 -9999 -9999 -9999 -9999
-9999 -9999 -9999 -9999 -9999 -9999 -9999 -9999 -9999 -9999 -9999 -9999 -9999 -9999 -9999 -9999 -9999 -9999 -9999 -9999 -9999 -9999 -9999 -9999 -9999 -9999 -9999 -9999 -9999 -9999 -9999 -9999 -9999 -9999 -9999 -9999 -9999 -9999 -9999 -9999 -9999 -9999 -9999 -9999 -9999 -9999 -9999 -9999 -9999 -9999 -9999 -9999 -9999 -9999 -9999 -9999 -9999 -9999 -9999 -9999 -9999 -9999 -9999 -9999 -9999 -9999 -9999 -9999 -9999
-9999 -9999 -9999 -9999 -9999 -9999 -9999 -9999 -9999 -9999 -9999 -9999 -9999 -9999 -9999 -9999 -9999 -9999 -9999 -9999 -9999 -9999 -9999 -9999 -9999 -9999 -9999 -9999 -9999 -9999 -9999 -9999 -9999 -9999 -9999 -9999 -9999 -9999 -9999 -9999 -9999 -9999 -9999 -9999 -9999 -9999 -9999 -9999 1.84908E-2 -9999 -9999 -9999 -9999 -9999 -9999 -9999 -9999 -9999 -9999 -9999 -9999 -9999 -9999 -9999 -9999 -9999 -9999 -9999 -9999
-9999 -9999 -9999 -9999 -9999 -9999 -9999 -9999 -9999 -9999 -9999 -9999 -9999 -9999 -9999 -9999 -9999 -9999 -9999 -9999 -9999 -9999 -9999 -9999 -9999 -9999 -9999 -9999 -9999 -9999 -9999 -9999 -9999 -9999 -9999 -9999 -9999 -9999 -9999 -9999 -9999 -9999 -9999 -9999 -9999 -9999 2.92551E-2 1.56769E-2 1.87748E-2 2.82123E-2 2.82123E-2 2.7814E-2 2.7814E-2 2.7814E-2 -9999 -9999 1.82901E-2 1.84834E-2 -9999 -9999 -9999 -9999 -9999 -9999 -9999 -9999 -9999 -9999 -9999
-9999 -9999 -9999 -9999 -9999 -9999 -9999 -9999 -9999 -9999 -9999 -9999 -9999 -9999 -9999 -9999 -9999 -9999 -9999 -9999 -9999 -9999 -9999 -9999 -9999 -9999 -9999 -9999 -9999 -9999 -9999 -9999 -9999 -9999 -9999 -9999 -9999 -9999 -9999 -9999 -9999 -9999 -9999 -9999 -9999 -9999 -9999 -9999 2.1095E-2 3.51395E-2 2.43064E-2 2.43064E-2 2.32897E-2 2.32897E-2 1.90812E-2 1.94747E-2 1.77174E-2 1.51294E-2 1.617E-2 1.64271E-2 1.53412E-2 1.16551E-2 1.16551E-2 1.49146E-2 1.62246E-2 -9999 -9999 -9999 -9999
-9999 -9999 -9999 -9999 -9999 -9999 -9999 -9999 -9999 -9999 -9999 -9999 -9999 -9999 -9999 -9999 -9999 -9999 -9999 -9999 -9999 -9999 -9999 -9999 -9999 -9999 -9999 -9999 -9999 -9999 -9999 -9999 -9999 4.01796E-2 2.60018E-2 2.55931E-2 2.3271E-2 2.04161E-2 1.81698E-2 -9999 -9999 -9999 -9999 3.13836E-2 -9999 -9999 -9999 -9999 -9999 2.68523E-2 2.44801E-2 2.44801E-2 2.46531E-2 2.29602E-2 2.29602E-2 1.91703E-2 1.63738E-2 1.34454E-2 1.35164E-2 1.83513E-2 1.82542E-2 1.25588E-2 1.07782E-2 1.31687E-2 -9999 -9999 -9999 -9999 -9999
-9999 -9999 -9999 -9999 -9999 -9999 -9999 -9999 -9999 -9999 -9999 -9999 -9999 -9999 -9999 -9999 -9999 -9999 -9999 -9999 -9999 -9999 -9999 -9999 -9999 -9999 -9999 -9999 -9999 -9999 4.83706E-2 3.47241E-2 3.40482E-2 3.07755E-2 2.3086E-2 1.41432E-2 1.37725E-2 1.61389E-2 1.74756E-2 4.11881E-2 3.22869E-2 3.48346E-2 2.93879E-2 2.7134E-2 2.16943E-2 2.10163E-2 2.73288E-2 3.10487E-2 2.7637E-2 2.82263E-2 2.72848E-2 2.60018E-2 2.57286E-2 2.143E-2 2.00584E-2 1.75241E-2 1.57892E-2 1.3643E-2 1.50174E-2 1.75984E-2 1.97546E-2 1.90812E-2 -9999 -9999 -9999 -9999 -9999 -9999 -9999
-9999 -9999 -9999 -9999 -9999 -9999 -9999 -9999 -9999 -9999 -9999 -9999 -9999 -9999 2.27056E-2 -9999 -9999 4.26469E-2 3.05209E-2 3.22006E-2 -9999 -9999 -9999 -9999 -9999 -9999 4.69241E-2 -9999 4.8467E-2 3.66894E-2 3.20971E-2 1.87695E-2 1.76373E-2 2.22768E-2 2.42613E-2 1.76088E-2 1.6967E-2 1.7423E-2 2.15738E-2 3.11544E-2 3.22869E-2 3.35652E-2 1.88879E-2 1.65622E-2 1.59634E-2 8.0422E-3 2.23177E-2 2.49622E-2 2.77674E-2 2.54752E-2 2.64344E-2 2.54583E-2 2.70915E-2 2.6758E-2 2.51871E-2 2.51871E-2 2.58232E-2 2.38558E-2 1.96086E-2 2.06655E-2 2.02418E-2 1.89455E-2 -9999 -9999 -9999 -9999 -9999 -9999 -9999
-9999 -9999 -9999 -9999 -9999 -9999 6.29392E-2 -9999 -9999 9.54919E-3 1.03492E-2 1.14602E-2 3.02629E-2 2.01501E-2 1.95089E-2 2.30534E-2 3.02049E-2 2.59574E-2 1.55363E-2 1.6487E-2 3.95935E-2 4.94305E-2 3.91661E-2 1.38002E-2 1.28868E-2 6.78317E-3 7.78412E-3 2.69911E-2 2.38784E-2 1.93801E-2 1.84775E-2 1.84775E-2 1.74512E-2 2.25158E-2 2.04012E-2 2.01862E-2 1.31153E-2 1.31153E-2 1.56247E-2 1.56247E-2 2.55022E-2 3.12154E-2 2.66122E-2 1.63029E-2 1.61933E-2 9.99592E-3 9.99592E-3 2.04854E-2 2.24139E-2 2.32386E-2 2.45E-2 2.65315E-2 3.47122E-2 3.50822E-2 3.50822E-2 3.25167E-2 2.60992E-2 2.60992E-2 2.60992E-2 2.22404E-2 1.89455E-2 -9999 -9999 -9999 -9999 -9999 -9999 -9999 -9999
3.20123E-2 3.18369E-2 4.25644E-2 -9999 -9999 -9999 2.79586E-2 1.94801E-2 1.60414E-2 8.97962E-3 5.4213E-3 5.7758E-3 1.25631E-2 1.29702E-2 2.44592E-2 2.63873E-2 9.76077E-3 6.22594E-3 6.5806E-3 1.59572E-2 2.11226E-2 4.96017E-2 3.93026E-2 6.63052E-3 5.2211E-3 5.16089E-3 5.06811E-3 1.48059E-2 1.46508E-2 1.43455E-2 1.08832E-2 1.07139E-2 1.23519E-2 1.32889E-2 1.87433E-2 1.83501E-2 1.3184E-2 1.59936E-2 1.6078E-2 1.95635E-2 1.90521E-2 2.75274E-2 2.85719E-2 2.10396E-2 2.02741E-2 2.02741E-2 2.431E-2 2.19898E-2 2.34307E-2 2.56328E-2 2.50343E-2 2.59771E-2 3.39837E-2 2.8729E-2 3.56461E-2 3.60258E-2 3.32158E-2 3.29811E-2 3.29811E-2 3.18321E-2 3.18321E-2 -9999 -9999 -9999 -9999 -9999 -9999 -9999 -9999
1.72574E-2 2.60842E-2 2.11397E-2 1.98163E-2 3.28997E-2 3.3266E-2 1.90286E-2 1.75498E-2 1.02592E-2 8.69367E-3 5.39987E-3 5.73025E-3 6.20638E-3 9.25785E-3 1.23817E-2 1.31899E-2 9.29679E-3 4.35952E-3 6.07984E-3 1.73842E-2 2.12195E-2 2.37894E-2 1.98725E-2 1.6595E-2 6.22267E-3 5.89108E-3 6.12992E-3 7.54244E-3 1.212E-2 4.94051E-3 6.76434E-3 6.76434E-3 8.16821E-3 1.21834E-2 1.67299E-2 1.69084E-2 1.80526E-2 1.96674E-2 1.95635E-2 2.03069E-2 2.16387E-2 3.1E-2 2.83214E-2 2.62878E-2 2.02741E-2 1.16556E-2 2.16833E-2 2.29825E-2 3.09474E-2 3.26351E-2 2.14008E-2 2.22012E-2 2.30311E-2 2.81293E-2 2.8729E-2 3.73898E-2 3.46585E-2 3.46585E-2 3.46585E-2 3.46585E-2 -9999 -9999 -9999 -9999 -9999 -9999 -9999 -9999 -9999
1.93244E-2 2.05254E-2 1.58842E-2 1.19531E-2 1.76767E-2 2.77252E-2 2.56674E-2 1.39561E-2 8.35335E-3 8.31961E-3 8.28602E-3 5.4531E-3 5.36742E-3 7.83998E-3 9.02032E-3 9.80765E-3 8.56414E-3 6.26341E-3 6.36335E-3 8.07843E-3 2.35042E-2 2.48027E-2 1.26745E-2 1.04625E-2 6.09399E-3 6.0702E-3 5.9294E-3 3.27384E-3 3.58416E-3 2.90438E-3 2.67001E-3 4.09433E-3 5.16374E-3 8.72713E-3 8.91009E-3 1.24424E-2 1.43694E-2 1.86525E-2 1.99869E-2 2.16387E-2 2.44535E-2 2.28294E-2 1.82768E-2 1.7991E-2 1.15954E-2 1.15355E-2 1.15355E-2 2.12292E-2 2.88296E-2 3.24045E-2 3.24045E-2 3.17222E-2 3.50868E-2 3.53346E-2 3.94969E-2 3.98459E-2 3.69387E-2 3.69387E-2 3.46585E-2 3.46585E-2 -9999 -9999 -9999 -9999 -9999 -9999 -9999 -9999 -9999
1.47754E-2 1.29777E-2 8.16432E-3 7.62146E-3 7.62146E-3 2.29868E-2 2.65302E-2 2.28008E-2 1.77317E-2 8.16791E-3 8.10206E-3 5.51629E-3 5.62657E-3 7.63065E-3 8.73236E-3 8.24391E-3 5.60919E-3 5.60919E-3 9.12992E-3 1.10036E-2 2.90425E-2 3.04909E-2 8.92917E-3 6.9345E-3 6.85364E-3 3.42841E-3 3.40261E-3 3.14177E-3 2.91316E-3 2.59947E-3 3.37651E-3 4.90176E-3 6.27186E-3 7.02497E-3 1.08307E-2 9.86197E-3 9.5516E-3 1.19428E-2 1.94645E-2 2.1985E-2 2.86268E-2 2.629E-2 1.73926E-2 1.73014E-2 1.72107E-2 1.27279E-2 1.60541E-2 1.70882E-2 1.72688E-2 2.25528E-2 2.56028E-2 3.52165E-2 3.63542E-2 3.73297E-2 3.78599E-2 3.82628E-2 4.20866E-2 4.20866E-2 3.31022E-2 3.31022E-2 3.05151E-2 3.02993E-2 -9999 -9999 -9999 -9999 -9999 -9999 -9999
1.11833E-2 9.17493E-3 7.17331E-3 4.87634E-3 5.03518E-3 1.59905E-2 2.55039E-2 2.33499E-2 8.54403E-3 5.61848E-3 5.29453E-3 5.2736E-3 7.12879E-3 7.27289E-3 7.73275E-3 6.22137E-3 4.42122E-3 4.38715E-3 8.71555E-3 1.10125E-2 1.25639E-2 2.96777E-2 2.57812E-2 5.45396E-3 5.30834E-3 3.95372E-3 3.90864E-3 3.84934E-3 4.66207E-3 5.0933E-3 5.05359E-3 5.70529E-3 7.44042E-3 7.76727E-3 1.04651E-2 1.06748E-2 1.20746E-2 1.37294E-2 2.057E-2 1.42993E-2 1.46009E-2 2.37443E-2 2.31248E-2 2.09717E-2 2.06412E-2 1.59698E-2 1.59698E-2 1.63094E-2 1.79161E-2 2.02029E-2 1.84773E-2 2.06315E-2 2.07484E-2 2.02109E-2 2.86268E-2 3.11678E-2 3.36967E-2 4.18649E-2 2.78335E-2 3.99168E-2 3.99168E-2 3.31627E-2 3.07324E-2 -9999 -9999 -9999 -9999 -9999 -9999
8.82966E-4 2.58622E-3 2.05006E-3 3.90579E-3 4.42256E-3 5.42527E-3 2.50856E-2 2.18533E-2 4.95189E-3 4.56116E-3 4.03643E-3 3.9427E-3 6.39319E-3 7.12292E-3 6.73474E-3 5.41647E-3 5.3103E-3 7.19535E-3 7.92063E-3 1.19606E-2 1.228E-2 2.22797E-2 2.19258E-2 5.80194E-3 5.24712E-3 5.32302E-3 4.92961E-3 4.83521E-3 5.01476E-3 5.13246E-3 6.53914E-3 5.69088E-3 7.0073E-3 7.0073E-3 7.37261E-3 8.71452E-3 1.12485E-2 1.24118E-2 1.34935E-2 1.42249E-2 1.42993E-2 1.4088E-2 1.89334E-2 1.85747E-2 1.8093E-2 1.76238E-2 1.65017E-2 1.73926E-2 1.81541E-2 1.73153E-2 1.781E-2 1.57254E-2 1.47057E-2 1.41782E-2 1.4327E-2 1.55412E-2 1.54603E-2 2.07708E-2 2.20047E-2 2.96371E-2 3.15709E-2 3.29285E-2 -9999 -9999 -9999 -9999 -9999 -9999 -9999
1.83496E-3 1.87128E-3 2.82016E-3 3.47409E-3 5.01348E-3 6.24904E-3 1.35336E-2 1.18493E-2 8.96668E-3 4.28424E-3 2.47942E-3 2.33222E-3 2.42316E-3 3.01025E-3 2.97592E-3 3.94339E-3 4.32632E-3 7.13271E-3 7.96798E-3 6.57321E-3 6.49654E-3 6.91596E-3 1.30218E-2 1.13086E-2 5.41195E-3 5.30834E-3 5.0314E-3 4.87814E-3 4.95418E-3 5.28202E-3 5.62527E-3 5.64705E-3 5.60356E-3 7.22101E-3 7.65703E-3 1.06103E-2 1.1152E-2 1.22117E-2 1.30017E-2 1.35563E-2 1.38691E-2 1.31636E-2 1.6955E-2 1.19942E-2 1.52409E-2 1.40201E-2 1.08303E-2 1.08303E-2 1.08865E-2 1.246E-2 1.08435E-2 1.1244E-2 1.06762E-2 1.04572E-2 1.10134E-2 1.32761E-2 1.30697E-2 1.79305E-2 1.80249E-2 2.21116E-2 -9999 -9999 -9999 -9999 -9999 -9999 -9999 -9999 -9999
3.20095E-3 3.18843E-3 3.10219E-3 8.41023E-3 1.45817E-2 2.0807E-2 2.00305E-2 1.0098E-2 8.55499E-3 1.63486E-3 1.48917E-3 1.21141E-3 1.01488E-3 1.96465E-3 2.01798E-3 2.08868E-3 4.06363E-3 5.21067E-3 5.56905E-3 5.48258E-3 8.74942E-3 9.17949E-3 1.10005E-2 6.61664E-3 4.95144E-3 4.78208E-3 3.76824E-3 4.63383E-3 4.85394E-3 5.78275E-3 5.94135E-3 6.18912E-3 6.07067E-3 7.62717E-3 8.14809E-3 8.31001E-3 1.18028E-2 1.22425E-2 1.03952E-2 9.38718E-3 7.59123E-3 7.56197E-3 7.00754E-3 8.46539E-3 1.21059E-2 1.18008E-2 1.06101E-2 6.8659E-3 6.97282E-3 9.07714E-3 9.11266E-3 8.90732E-3 8.10928E-3 7.36027E-3 7.79675E-3 8.18641E-3 8.46812E-3 9.2762E-3 1.75504E-2 1.99087E-2 -9999 -9999 -9999 -9999 -9999 -9999 -9999 -9999 -9999
7.32233E-3 1.01568E-2 5.93941E-3 1.7177E-2 2.00026E-2 2.06619E-2 1.63706E-2 4.39436E-3 3.90738E-3 3.4607E-3 1.41861E-3 9.77852E-4 9.38976E-4 9.81465E-4 1.33918E-3 1.35426E-3 1.97907E-3 2.31496E-3 5.46878E-3 5.98366E-3 5.98366E-3 7.08541E-3 7.51328E-3 5.07327E-3 4.34613E-3 3.3471E-3 3.3216E-3 4.42367E-3 4.04276E-3 4.4651E-3 5.00112E-3 7.36353E-3 7.62717E-3 7.42132E-3 8.33457E-3 9.07711E-3 1.17028E-2 1.17028E-2 7.43373E-3 6.90771E-3 6.77555E-3 6.69009E-3 6.56208E-3 7.7378E-3 6.29437E-3 7.80353E-3 7.42144E-3 4.31413E-3 4.33044E-3 4.37976E-3 4.94821E-3 7.7681E-3 7.8597E-3 7.82905E-3 5.63644E-3 5.76708E-3 7.04492E-3 8.46539E-3 1.86725E-2 2.16291E-2 2.48384E-2 -9999 -9999 -9999 -9999 -9999 -9999 -9999 -9999
5.28813E-3 5.1961E-3 5.78959E-3 7.75129E-3 1.65062E-2 7.74684E-3 7.4697E-3 7.11547E-3 5.70837E-3 4.96967E-3 1.11304E-3 1.11715E-3 9.81465E-4 1.30397E-3 1.41528E-3 1.30367E-3 1.27956E-3 1.45114E-3 2.00053E-3 5.98366E-3 5.89077E-3 2.39136E-3 1.99623E-3 1.71621E-3 1.65926E-3 1.2601E-3 1.27858E-3 1.31847E-3 4.01012E-3 4.36187E-3 5.88909E-3 5.98084E-3 7.69237E-3 7.69237E-3 8.37258E-3 8.14669E-3 7.95792E-3 7.58704E-3 7.32786E-3 5.73187E-3 5.62346E-3 3.69672E-3 3.71054E-3 3.73832E-3 5.89879E-3 7.42144E-3 5.81473E-3 5.77049E-3 5.91843E-3 5.91843E-3 4.55531E-3 4.55531E-3 5.61496E-3 1.07286E-2 7.8597E-3 7.92137E-3 8.71452E-3 -9999 -9999 -9999 -9999 -9999 -9999 -9999 -9999 -9999 -9999 -9999 -9999
8.66971E-3 8.85098E-3 1.03662E-2 1.41662E-2 1.37583E-2 1.11164E-2 1.04419E-2 1.05276E-2 6.91668E-3 6.46674E-3 5.76551E-3 2.76159E-3 2.13627E-3 1.84014E-3 1.60333E-3 1.95811E-3 1.91367E-3 1.65622E-3 2.54816E-3 8.67406E-3 8.99333E-3 8.05101E-3 2.49071E-3 2.31611E-3 7.33948E-4 7.21041E-4 9.92507E-4 1.07528E-3 3.22493E-3 2.68063E-3 3.01805E-3 4.52975E-3 3.73518E-3 3.70743E-3 3.76315E-3 3.53986E-3 3.52668E-3 7.10488E-3 7.15998E-3 3.87278E-3 3.81544E-3 3.82969E-3 5.14444E-3 5.16413E-3 6.31335E-3 6.95744E-3 4.20899E-3 4.16217E-3 8.29142E-3 8.38917E-3 8.55465E-3 1.28679E-2 1.21293E-2 1.29816E-2 1.21929E-2 -9999 -9999 -9999 -9999 -9999 -9999 -9999 -9999 -9999 -9999 -9999 -9999 -9999 -9999
1.22302E-2 1.40643E-2 2.03405E-2 2.01207E-2 1.916E-2 7.54844E-3 1.22282E-2 1.17575E-2 1.17575E-2 1.182E-2 1.182E-2 9.10747E-3 7.22159E-3 2.10382E-3 1.7E-3 4.50247E-3 4.22596E-3 3.78221E-3 5.31419E-3 6.31232E-3 9.20912E-3 8.64481E-3 6.68819E-4 5.97668E-4 5.85569E-4 3.06526E-4 4.34376E-4 4.41946E-4 4.59068E-4 2.12274E-3 2.66021E-3 3.11008E-3 3.21627E-3 2.92112E-3 3.00962E-3 3.41407E-3 3.43964E-3 3.47834E-3 5.31244E-3 5.19352E-3 5.11301E-3 5.15223E-3 9.88634E-3 9.88634E-3 9.84737E-3 6.95744E-3 4.19332E-3 4.13125E-3 1.07742E-2 2.05413E-2 2.21322E-2 2.25463E-2 2.54607E-2 2.55534E-2 2.20664E-2 -9999 -9999 -9999 -9999 -9999 -9999 -9999 -9999 -9999 -9999 -9999 -9999 -9999 -9999
5.06474E-3 5.82701E-3 6.45719E-3 1.13715E-2 1.03146E-2 6.57106E-3 6.5448E-3 1.24513E-2 1.24513E-2 1.32814E-2 1.32273E-2 1.32273E-2 1.12342E-2 2.94912E-3 2.84934E-3 3.14721E-3 5.22687E-3 5.47508E-3 1.26334E-2 1.33141E-2 9.71152E-3 9.48401E-3 5.80766E-3 5.71763E-4 3.57102E-4 4.39566E-4 4.42655E-4 4.46184E-4 4.60278E-4 1.59914E-3 1.18004E-3 1.31439E-3 2.20387E-3 3.21357E-3 3.39851E-3 3.48842E-3 4.65103E-3 4.70399E-3 5.37291E-3 5.41361E-3 1.02216E-2 1.00614E-2 1.03435E-2 1.38991E-2 1.33555E-2 1.16279E-2 1.25944E-2 1.37384E-2 1.51704E-2 3.31631E-2 -9999 -9999 -9999 -9999 -9999 -9999 -9999 -9999 -9999 -9999 -9999 -9999 -9999 -9999 -9999 -9999 -9999 -9999 -9999
3.76354E-4 5.57696E-3 6.63817E-3 1.0505E-2 1.0043E-2 9.83969E-3 8.65065E-3 1.24513E-2 1.19529E-2 5.97181E-3 6.7812E-3 7.08282E-3 8.975E-3 8.62718E-3 7.13066E-3 9.49116E-3 1.33922E-2 1.35572E-2 1.42959E-2 1.23268E-2 1.16102E-2 1.62124E-3 1.05545E-3 3.81514E-4 3.7379E-4 3.77632E-4 3.44752E-4 8.53436E-4 8.72044E-4 9.60925E-4 1.18855E-3 1.30029E-3 2.22837E-3 2.46735E-3 4.67521E-3 4.76539E-3 4.50402E-3 4.55531E-3 4.71271E-3 6.38597E-3 5.90151E-3 1.17254E-2 1.06032E-2 1.78336E-2 1.77401E-2 1.89942E-2 2.74959E-2 -9999 -9999 -9999 -9999 -9999 -9999 -9999 -9999 -9999 -9999 -9999 -9999 -9999 -9999 -9999 -9999 -9999 -9999 -9999 -9999 -9999 -9999
3.73762E-4 4.81984E-3 2.05831E-4 2.08501E-4 3.18767E-4 4.08758E-4 6.83615E-3 6.38638E-3 1.31278E-3 1.17097E-3 2.7132E-3 3.11193E-3 4.04563E-3 6.98588E-3 7.12543E-3 9.60567E-3 9.56735E-3 1.15273E-2 1.19015E-2 1.17515E-2 1.04662E-2 3.13089E-3 2.49845E-3 2.19374E-3 3.85436E-4 1.03639E-3 3.91493E-4 3.95517E-4 5.5473E-4 5.9442E-4 1.51875E-3 1.30567E-3 2.24486E-3 2.46735E-3 3.8768E-3 3.36769E-3 3.48559E-3 6.36937E-3 7.15209E-3 3.98188E-3 3.77932E-3 1.0283E-2 1.06551E-2 1.24167E-2 -9999 -9999 -9999 -9999 -9999 -9999 -9999 -9999 -9999 -9999 -9999 -9999 -9999 -9999 -9999 -9999 -9999 -9999 -9999 -9999 -9999 -9999 -9999 -9999 -9999
1.7398E-3 2.85384E-4 5.20689E-5 5.49574E-5 7.1153E-5 1.3329E-4 1.88493E-4 1.40366E-3 1.10796E-3 1.10796E-3 1.19339E-3 1.6431E-3 2.28333E-3 5.21095E-3 5.65719E-3 9.82263E-3 9.98093E-3 1.34376E-2 1.39909E-2 1.52201E-2 1.45062E-2 1.29563E-2 2.90889E-3 2.48694E-3 1.09856E-3 1.15181E-3 1.09059E-3 4.61927E-4 5.00688E-4 5.02421E-4 4.1979E-4 3.03816E-4 5.56855E-4 7.48066E-4 1.57253E-3 1.15899E-3 1.03152E-3 9.83184E-4 1.20426E-3 2.33838E-3 6.86211E-3 6.60205E-3 9.61517E-3 -9999 -9999 -9999 -9999 -9999 -9999 -9999 -9999 -9999 -9999 -9999 -9999 -9999 -9999 -9999 -9999 -9999 -9999 -9999 -9999 -9999 -9999 -9999 -9999 -9999 -9999
4.19248E-4 2.31142E-4 5.53076E-5 4.46272E-5 4.29824E-5 1.02692E-4 1.76893E-4 1.34097E-3 1.36141E-3 1.36001E-3 1.30041E-3 1.74017E-3 2.23849E-3 2.5892E-3 5.76924E-3 6.0702E-3 1.06549E-2 1.10009E-2 1.52201E-2 1.52201E-2 1.62318E-2 1.52871E-2 9.64478E-3 9.38474E-3 7.13909E-3 2.21378E-3 2.23517E-3 7.03352E-4 6.90983E-4 1.23203E-3 1.23652E-3 2.97647E-3 3.03393E-3 3.26256E-3 1.82239E-3 1.21959E-3 1.40488E-3 1.49457E-3 2.84669E-3 5.05074E-3 1.23106E-2 1.1695E-2 -9999 -9999 -9999 -9999 -9999 -9999 -9999 -9999 -9999 -9999 -9999 -9999 -9999 -9999 -9999 -9999 -9999 -9999 -9999 -9999 -9999 -9999 -9999 -9999 -9999 -9999 -9999
1.56186E-4 1.41571E-4 1.46412E-4 6.59894E-5 5.33411E-5 1.77794E-4 2.45187E-4 3.82913E-4 1.45192E-3 2.54729E-3 2.48949E-3 3.5659E-3 2.6328E-3 2.8474E-3 3.43135E-3 2.87789E-3 1.7582E-3 1.69377E-3 3.2194E-3 4.24924E-3 4.83877E-3 7.1088E-3 7.56098E-3 1.09114E-2 7.70966E-3 2.25191E-3 2.08993E-3 1.97613E-3 3.7539E-3 1.8514E-3 1.87199E-3 1.8514E-3 2.19118E-3 2.58222E-3 4.37004E-3 4.62461E-3 2.91961E-3 3.15696E-3 1.34511E-2 1.40196E-2 1.57087E-2 -9999 -9999 -9999 -9999 -9999 -9999 -9999 -9999 -9999 -9999 -9999 -9999 -9999 -9999 -9999 -9999 -9999 -9999 -9999 -9999 -9999 -9999 -9999 -9999 -9999 -9999 -9999 -9999
1.43968E-4 1.46409E-4 1.58184E-4 1.97883E-4 1.78635E-4 1.93866E-4 4.42953E-4 6.86836E-4 2.37136E-3 2.70071E-3 4.06726E-3 4.09885E-3 2.80522E-3 4.136E-3 4.136E-3 2.20141E-3 1.75312E-3 1.87653E-3 1.87653E-3 3.5641E-3 4.3147E-3 6.98823E-3 7.75632E-3 1.07421E-2 8.52347E-3 5.32009E-3 3.53007E-3 3.89315E-3 4.95672E-3 5.25639E-3 9.60434E-3 8.08702E-3 1.29998E-3 1.37693E-3 1.35727E-3 1.07261E-3 6.31336E-3 -9999 -9999 -9999 -9999 -9999 -9999 -9999 -9999 -9999 -9999 -9999 -9999 -9999 -9999 -9999 -9999 -9999 -9999 -9999 -9999 -9999 -9999 -9999 -9999 -9999 -9999 -9999 -9999 -9999 -9999 -9999 -9999
6.57713E-4 6.02666E-4 4.96797E-4 4.96797E-4 3.39087E-4 3.63012E-4 2.09316E-3 2.10943E-3 2.66109E-3 4.82124E-3 5.78594E-3 5.58811E-3 5.21246E-3 4.07325E-3 4.136E-3 2.72501E-3 2.40927E-3 3.5505E-3 3.5641E-3 5.87341E-3 6.63048E-3 7.51408E-3 8.12311E-3 3.26666E-3 2.56565E-3 2.56565E-3 2.44069E-2 2.44069E-2 2.44069E-2 2.8256E-3 1.40525E-2 1.40525E-2 1.15151E-2 3.75812E-3 2.44214E-3 1.886E-3 3.20093E-3 -9999 -9999 -9999 -9999 -9999 -9999 -9999 -9999 -9999 -9999 -9999 -9999 -9999 -9999 -9999 -9999 -9999 -9999 -9999 -9999 -9999 -9999 -9999 -9999 -9999 -9999 -9999 -9999 -9999 -9999 -9999 -9999
