Week 7/1_MaxEnt/output/Hippodamia_variegata.asc
ncols         950
nrows         550
xllcorner     -14.0
yllcorner     49.0
cellsize      0.02
NODATA_value  -9999
[rows 434 to 464 of 550, columns 690 to 758 of 950]
4.24059E-1 3.61428E-1 3.89001E-1 3.66613E-1 3.46E-1 3.46E-1 3.35582E-1 3.89694E-1 3.55553E-1 3.61566E-1 3.94577E-1 4.10966E-1 4.80506E-1 4.82581E-1 4.51606E-1 4.58528E-1 4.23462E-1 5.00547E-1 5.43418E-1 5.26592E-1 5.65266E-1 4.62747E-1 4.57478E-1 4.89043E-1 3.92314E-1 4.36095E-1 5.51115E-1 5.79653E-1 5.89439E-1 5.04923E-1 5.94365E-1 6.2898E-1 6.06551E-1 5.99021E-1 6.52789E-1 6.2548E-1 6.94795E-1 5.96303E-1 5.36994E-1 5.31459E-1 5.34558E-1 5.41803E-1 5.83043E-1 5.72171E-1 6.3845E-1 6.20026E-1 6.34823E-1 6.8248E-1 6.72693E-1 6.18732E-1 6.46046E-1 7.02723E-1 7.24327E-1 6.00558E-1 5.9983E-1 5.89809E-1 6.26809E-1 5.99343E-1 5.76993E-1 6.58647E-1 6.40745E-1 6.55528E-1 6.72228E-1 7.06538E-1 6.56143E-1 6.82798E-1 6.90265E-1 7.00179E-1 7.05073E-1
3.97515E-1 3.66922E-1 3.62279E-1 4.00928E-1 3.91199E-1 3.35582E-1 4.00722E-1 4.08528E-1 3.95477E-1 3.84535E-1 4.76927E-1 4.76927E-1 4.46553E-1 4.51707E-1 4.83189E-1 5.00607E-1 4.89321E-1 4.98125E-1 4.57373E-1 4.57373E-1 4.34804E-1 4.03866E-1 4.50073E-1 4.69382E-1 5.27373E-1 5.51308E-1 5.94658E-1 6.07981E-1 6.05538E-1 5.45065E-1 5.45065E-1 5.69257E-1 6.11588E-1 5.88263E-1 6.50245E-1 6.17845E-1 6.02867E-1 6.74693E-1 6.71602E-1 6.52351E-1 6.68347E-1 5.47374E-1 5.64202E-1 5.37724E-1 4.37298E-1 4.51203E-1 5.06748E-1 5.42143E-1 5.64714E-1 6.05011E-1 6.18888E-1 5.95588E-1 5.95588E-1 6.13635E-1 6.16099E-1 6.24719E-1 6.29651E-1 7.1787E-1 7.13141E-1 6.53759E-1 6.53066E-1 5.5839E-1 6.03068E-1 5.93038E-1 6.24646E-1 6.4227E-1 6.6683E-1 6.79338E-1 6.18261E-1
3.86523E-1 4.15945E-1 3.9515E-1 4.05985E-1 3.86523E-1 4.15464E-1 4.20452E-1 4.45224E-1 3.5E-1 4.02443E-1 3.81564E-1 3.72254E-1 3.75403E-1 3.3998E-1 4.85459E-1 4.83672E-1 3.88942E-1 3.79321E-1 4.38697E-1 4.16595E-1 4.84261E-1 4.86049E-1 4.4661E-1 5.11874E-1 6.02423E-1 6.07309E-1 5.02427E-1 5.00372E-1 5.02715E-1 5.92098E-1 5.82303E-1 6.11588E-1 6.11588E-1 5.88263E-1 6.1773E-1 5.87048E-1 5.92018E-1 6.02243E-1 6.09924E-1 6.00085E-1 6.93429E-1 6.72068E-1 4.82609E-1 4.95439E-1 5.2046E-1 5.13237E-1 5.50719E-1 5.63691E-1 4.94822E-1 5.17812E-1 5.60539E-1 5.89586E-1 6.07288E-1 6.07288E-1 5.42501E-1 5.57975E-1 5.72542E-1 6.13994E-1 6.3358E-1 6.27801E-1 6.54917E-1 5.14506E-1 5.14506E-1 5.35154E-1 5.77083E-1 6.6745E-1 7.06169E-1 6.86489E-1 5.67717E-1
4.01835E-1 4.48747E-1 4.68063E-1 4.82684E-1 4.34078E-1 3.66314E-1 3.85238E-1 3.96623E-1 4.48784E-1 5.88916E-1 5.10669E-1 4.36913E-1 4.21709E-1 4.97986E-1 4.76556E-1 4.83672E-1 4.89043E-1 2.96103E-1 3.00176E-1 3.12645E-1 3.26968E-1 4.9494E-1 4.42501E-1 5.03974E-1 6.3913E-1 6.31783E-1 5.09434E-1 5.60567E-1 5.51621E-1 5.51621E-1 5.58245E-1 5.21835E-1 5.62113E-1 6.05762E-1 6.1065E-1 6.52483E-1 6.40333E-1 6.21863E-1 6.17002E-1 5.77418E-1 5.79859E-1 6.03992E-1 5.38795E-1 5.32286E-1 5.34905E-1 5.22157E-1 5.05091E-1 4.97959E-1 4.79711E-1 4.90437E-1 4.72991E-1 5.03676E-1 5.28545E-1 5.24056E-1 4.65799E-1 5.00623E-1 5.59634E-1 5.33538E-1 5.53001E-1 5.24912E-1 5.39507E-1 5.46894E-1 5.93134E-1 6.42949E-1 6.89246E-1 6.50125E-1 6.82601E-1 6.50471E-1 6.20703E-1
5.56107E-1 5.56107E-1 5.61355E-1 5.61355E-1 5.39383E-1 5.39383E-1 4.70366E-1 4.70366E-1 4.94261E-1 4.76027E-1 4.66863E-1 5.73916E-1 5.69046E-1 5.28513E-1 5.1668E-1 4.94486E-1 5.22567E-1 4.32234E-1 4.58716E-1 5.68681E-1 5.49183E-1 5.2909E-1 5.79255E-1 5.86642E-1 5.89109E-1 5.20951E-1 5.25786E-1 5.38563E-1 5.46218E-1 5.48674E-1 6.54828E-1 6.57307E-1 6.27803E-1 5.90635E-1 6.25334E-1 5.11108E-1 4.9326E-1 4.81617E-1 6.0366E-1 6.22097E-1 6.2934E-1 6.03179E-1 5.95911E-1 5.75648E-1 5.68444E-1 6.35252E-1 5.2344E-1 5.47178E-1 5.10384E-1 5.05091E-1 4.63552E-1 4.7057E-1 4.29334E-1 4.60555E-1 4.48544E-1 4.7851E-1 5.75864E-1 5.92869E-1 6.60485E-1 6.41056E-1 5.65246E-1 5.95588E-1 5.90681E-1 6.33154E-1 5.52938E-1 5.80612E-1 6.17706E-1 6.42822E-1 6.42822E-1
5.23367E-1 5.51093E-1 5.46312E-1 5.93032E-1 5.07094E-1 5.07094E-1 4.87301E-1 4.91936E-1 5.21993E-1 5.26766E-1 4.82958E-1 5.53664E-1 5.24276E-1 5.24276E-1 5.16752E-1 5.48621E-1 5.48621E-1 5.79207E-1 5.81906E-1 5.56868E-1 5.56868E-1 5.72498E-1 5.74968E-1 5.66872E-1 5.69337E-1 5.3307E-1 5.35506E-1 5.48363E-1 5.56062E-1 5.61003E-1 5.68594E-1 5.73564E-1 5.62852E-1 5.6533E-1 6.06574E-1 6.11566E-1 5.92719E-1 5.95206E-1 6.32578E-1 5.66233E-1 5.56472E-1 6.11076E-1 6.08631E-1 6.11076E-1 6.31611E-1 5.40274E-1 5.40274E-1 5.71247E-1 5.28214E-1 4.73047E-1 4.62113E-1 4.53432E-1 4.62113E-1 5.12555E-1 5.23543E-1 5.61467E-1 5.64598E-1 5.42874E-1 6.57172E-1 5.94468E-1 5.73523E-1 6.20878E-1 6.13588E-1 6.06305E-1 5.36129E-1 5.52938E-1 6.44499E-1 6.39755E-1 6.17562E-1
5.4892E-1 5.41544E-1 5.3679E-1 5.83132E-1 5.55028E-1 5.57429E-1 5.64647E-1 5.09408E-1 5.09408E-1 5.24562E-1 6.03745E-1 6.03745E-1 6.22211E-1 6.22211E-1 5.42484E-1 5.2806E-1 5.05197E-1 5.2909E-1 5.79446E-1 5.79446E-1 5.34599E-1 5.08232E-1 5.08732E-1 5.20657E-1 5.01632E-1 4.73363E-1 4.89679E-1 5.09546E-1 5.09546E-1 5.14642E-1 5.06855E-1 5.28977E-1 5.43611E-1 5.53284E-1 5.65643E-1 5.70607E-1 5.69979E-1 5.74952E-1 6.37792E-1 6.42792E-1 6.39941E-1 6.22437E-1 5.787E-1 5.71284E-1 5.81335E-1 5.74122E-1 5.40274E-1 5.54708E-1 5.74122E-1 5.56716E-1 5.35088E-1 5.27309E-1 5.13135E-1 5.08445E-1 5.20203E-1 6.43667E-1 5.64598E-1 5.38083E-1 5.13034E-1 4.78727E-1 4.47683E-1 4.52937E-1 5.08536E-1 5.27567E-1 5.83242E-1 6.01426E-1 5.21465E-1 5.82094E-1 5.55535E-1
5.85066E-1 5.82654E-1 5.85305E-1 5.93272E-1 5.93272E-1 5.67502E-1 5.69916E-1 5.44666E-1 5.42266E-1 5.42671E-1 5.86685E-1 5.794E-1 5.65356E-1 5.67752E-1 5.55028E-1 5.50237E-1 5.27943E-1 5.543E-1 6.10306E-1 5.80858E-1 4.94082E-1 4.89406E-1 4.89483E-1 5.68166E-1 5.63343E-1 5.63343E-1 4.26127E-1 4.26127E-1 5.65532E-1 5.66444E-1 5.66444E-1 4.82063E-1 5.03268E-1 5.27903E-1 5.42527E-1 5.5235E-1 5.62226E-1 5.72464E-1 5.77442E-1 5.74322E-1 5.81956E-1 5.84453E-1 6.2156E-1 6.06574E-1 5.787E-1 5.66353E-1 5.94518E-1 5.89613E-1 6.08435E-1 5.18304E-1 5.38394E-1 5.39873E-1 5.27863E-1 5.23456E-1 5.21073E-1 4.97458E-1 4.99811E-1 4.50265E-1 3.19473E-1 3.97283E-1 4.13596E-1 4.39929E-1 4.60552E-1 4.74722E-1 5.33413E-1 5.49163E-1 4.64206E-1 5.48645E-1 5.6086E-1
5.85544E-1 5.87958E-1 5.82893E-1 5.85305E-1 5.90614E-1 6.01016E-1 5.93752E-1 5.96412E-1 5.96412E-1 5.86023E-1 5.86023E-1 5.40038E-1 5.42418E-1 5.7255E-1 5.75192E-1 5.17078E-1 5.36871E-1 5.65795E-1 5.62786E-1 5.50697E-1 5.57649E-1 5.39383E-1 5.59626E-1 5.5724E-1 5.52712E-1 5.52712E-1 5.34636E-1 5.34636E-1 5.5831E-1 5.64016E-1 5.68874E-1 5.11984E-1 5.3358E-1 5.53387E-1 5.68125E-1 5.86137E-1 5.9608E-1 5.54035E-1 5.58971E-1 5.71835E-1 5.79462E-1 6.20858E-1 6.28534E-1 6.21033E-1 6.08544E-1 6.05698E-1 6.15509E-1 6.08018E-1 5.7996E-1 5.45547E-1 5.52537E-1 5.15579E-1 5.10814E-1 5.13529E-1 5.06401E-1 4.94616E-1 4.87769E-1 4.66064E-1 4.04719E-1 4.72436E-1 4.63654E-1 4.62976E-1 4.11123E-1 4.17797E-1 4.29635E-1 5.0464E-1 5.0464E-1 5.14794E-1 5.41701E-1
6.3021E-1 6.3504E-1 6.08492E-1 5.7967E-1 4.87103E-1 4.96877E-1 5.42578E-1 5.66219E-1 6.29129E-1 6.50701E-1 5.67277E-1 5.67514E-1 5.69912E-1 5.47188E-1 5.47188E-1 4.55795E-1 4.83031E-1 5.82026E-1 5.60273E-1 5.39383E-1 5.39383E-1 5.39383E-1 4.85792E-1 4.36274E-1 4.57226E-1 4.86398E-1 5.52005E-1 5.54384E-1 4.87185E-1 4.87185E-1 5.31696E-1 5.50868E-1 4.90757E-1 4.90153E-1 4.87658E-1 4.95161E-1 4.95161E-1 5.01096E-1 5.56096E-1 5.48841E-1 5.39999E-1 6.07173E-1 6.2454E-1 6.04647E-1 6.12134E-1 6.14807E-1 6.07317E-1 6.02329E-1 5.874E-1 5.60225E-1 5.32561E-1 5.30147E-1 5.37572E-1 5.4974E-1 5.42258E-1 5.2053E-1 4.94441E-1 4.75275E-1 4.75275E-1 6.30158E-1 5.77602E-1 4.32892E-1 4.10966E-1 4.61876E-1 4.76066E-1 4.62766E-1 4.4017E-1 4.74972E-1 5.08339E-1
6.87617E-1 6.6382E-1 5.67034E-1 5.19455E-1 5.18984E-1 5.32439E-1 5.10492E-1 5.5715E-1 5.34251E-1 5.48431E-1 5.77836E-1 5.44582E-1 5.51752E-1 5.5917E-1 5.63984E-1 5.38454E-1 5.17078E-1 5.06896E-1 5.1864E-1 5.38947E-1 5.34201E-1 5.30736E-1 4.05695E-1 3.75734E-1 4.35437E-1 4.7917E-1 5.13658E-1 4.91592E-1 4.96214E-1 5.10788E-1 4.9605E-1 4.81797E-1 5.36572E-1 5.34201E-1 5.42049E-1 5.44415E-1 4.99316E-1 4.99316E-1 5.33878E-1 5.43449E-1 5.06401E-1 5.94799E-1 5.9536E-1 5.83176E-1 5.9311E-1 6.11609E-1 5.99137E-1 5.86354E-1 5.76442E-1 5.5691E-1 5.47128E-1 5.42258E-1 5.52184E-1 5.53944E-1 5.49226E-1 5.37062E-1 5.05237E-1 4.86462E-1 5.08133E-1 4.98746E-1 5.41861E-1 4.83213E-1 3.82438E-1 3.7719E-1 5.03805E-1 5.39645E-1 4.49122E-1 4.90843E-1 5.33744E-1
7.58837E-1 7.07305E-1 6.55855E-1 5.96398E-1 5.91859E-1 5.50808E-1 4.78038E-1 4.94949E-1 5.08074E-1 4.99062E-1 4.74203E-1 4.99268E-1 4.72017E-1 4.65306E-1 4.39853E-1 4.37782E-1 4.0444E-1 3.8586E-1 4.17483E-1 5.67989E-1 5.75192E-1 5.62671E-1 4.95255E-1 4.31836E-1 4.35023E-1 4.85144E-1 5.03507E-1 5.33338E-1 5.33338E-1 4.91787E-1 4.70366E-1 4.68096E-1 5.34201E-1 5.34201E-1 4.96163E-1 4.96163E-1 4.72164E-1 4.72164E-1 5.2947E-1 5.34201E-1 5.3069E-1 5.73192E-1 6.10215E-1 5.95599E-1 5.33014E-1 5.72121E-1 5.59724E-1 5.83176E-1 5.75747E-1 5.73623E-1 5.68686E-1 4.99814E-1 5.60785E-1 5.60785E-1 5.10096E-1 4.95827E-1 5.5965E-1 5.25842E-1 4.85169E-1 4.85169E-1 5.25169E-1 5.20435E-1 5.53664E-1 6.23593E-1 6.78107E-1 6.53355E-1 6.73284E-1 6.43478E-1 6.12688E-1
7.70893E-1 6.78937E-1 6.67026E-1 7.08293E-1 7.05965E-1 6.29082E-1 5.37378E-1 5.70224E-1 5.53728E-1 5.26084E-1 4.83373E-1 4.68972E-1 4.9834E-1 4.9834E-1 5.0268E-1 5.17044E-1 4.41562E-1 4.05685E-1 4.1071E-1 5.10606E-1 5.72952E-1 5.84906E-1 5.33494E-1 5.17242E-1 4.67906E-1 4.96585E-1 5.35083E-1 4.80998E-1 4.80998E-1 5.18764E-1 5.18764E-1 5.41111E-1 5.41111E-1 5.16208E-1 5.16208E-1 4.98464E-1 4.95627E-1 4.91008E-1 4.71973E-1 4.83344E-1 5.01979E-1 5.74129E-1 5.89926E-1 4.88696E-1 5.78785E-1 5.81262E-1 4.96213E-1 5.54318E-1 5.46938E-1 5.34091E-1 5.3897E-1 5.2377E-1 5.2377E-1 5.80524E-1 4.80605E-1 4.20104E-1 4.07076E-1 3.75235E-1 3.48888E-1 3.5083E-1 5.49359E-1 5.98406E-1 6.91897E-1 -9999 -9999 -9999 -9999 -9999 -9999
7.68721E-1 6.62244E-1 6.62244E-1 6.66029E-1 6.75633E-1 5.77836E-1 5.80244E-1 6.09517E-1 6.08052E-1 6.07774E-1 5.46168E-1 4.47419E-1 4.59953E-1 4.47964E-1 4.36854E-1 4.5026E-1 4.44913E-1 4.36564E-1 3.80377E-1 4.64672E-1 5.18813E-1 5.35083E-1 5.29918E-1 5.29918E-1 5.05428E-1 5.35083E-1 5.35083E-1 5.32747E-1 4.66676E-1 4.68911E-1 4.93655E-1 4.85958E-1 4.85958E-1 4.62218E-1 4.02989E-1 4.25174E-1 4.7083E-1 4.77724E-1 4.7083E-1 4.77724E-1 4.98695E-1 5.03664E-1 4.91063E-1 4.93434E-1 5.81262E-1 5.16096E-1 5.15959E-1 5.08719E-1 5.03916E-1 5.06315E-1 5.01388E-1 4.94237E-1 4.96884E-1 4.97152E-1 4.90028E-1 4.37861E-1 4.54086E-1 4.5225E-1 4.45416E-1 4.75898E-1 4.81336E-1 -9999 -9999 -9999 -9999 -9999 -9999 -9999 -9999
7.06543E-1 7.08887E-1 6.5958E-1 6.57172E-1 6.07734E-1 6.37108E-1 6.76743E-1 6.76025E-1 6.54231E-1 6.31734E-1 6.01758E-1 5.70171E-1 5.43945E-1 5.08876E-1 5.08876E-1 4.65236E-1 4.85367E-1 5.95022E-1 5.35083E-1 5.35083E-1 5.00379E-1 5.02673E-1 5.052E-1 5.052E-1 5.25605E-1 5.37347E-1 5.62273E-1 4.95236E-1 4.52186E-1 4.56649E-1 4.24567E-1 4.61136E-1 4.54414E-1 4.13542E-1 4.28598E-1 4.53841E-1 4.7429E-1 4.56842E-1 4.65967E-1 4.99814E-1 5.14132E-1 4.7889E-1 5.10992E-1 5.10992E-1 5.18518E-1 5.18518E-1 5.18382E-1 5.60634E-1 5.13269E-1 5.06045E-1 5.0899E-1 5.01792E-1 5.04321E-1 4.49175E-1 4.51457E-1 4.58456E-1 4.74735E-1 4.99193E-1 4.71469E-1 -9999 -9999 -9999 -9999 -9999 -9999 -9999 -9999 -9999 -9999
7.19285E-1 7.08887E-1 6.48911E-1 6.48911E-1 6.33561E-1 6.67554E-1 6.68214E-1 6.33675E-1 6.43538E-1 6.16414E-1 6.67335E-1 6.55214E-1 5.96603E-1 5.6374E-1 5.46947E-1 5.69695E-1 5.74497E-1 5.17045E-1 4.98464E-1 5.02673E-1 5.02673E-1 4.38308E-1 4.38308E-1 4.49803E-1 4.54223E-1 4.91363E-1 4.76889E-1 4.90619E-1 4.52186E-1 4.6304E-1 4.75441E-1 4.9389E-1 4.56722E-1 4.58979E-1 4.55774E-1 4.64824E-1 5.03245E-1 4.63677E-1 4.56842E-1 5.30358E-1 5.44904E-1 5.33629E-1 5.48307E-1 5.00714E-1 5.03107E-1 4.87898E-1 5.07906E-1 5.12997E-1 5.20672E-1 5.13405E-1 5.08719E-1 5.01522E-1 5.06586E-1 5.0899E-1 4.58228E-1 4.62848E-1 4.818E-1 5.19878E-1 -9999 -9999 -9999 -9999 -9999 -9999 -9999 -9999 -9999 -9999 -9999
6.57154E-1 6.96512E-1 6.72979E-1 6.77774E-1 6.21515E-1 6.43555E-1 6.64881E-1 6.79485E-1 6.5381E-1 6.61191E-1 6.60983E-1 6.02782E-1 6.1291E-1 5.97528E-1 5.70624E-1 5.68786E-1 5.40016E-1 5.32639E-1 5.25605E-1 5.02673E-1 5.02673E-1 5.55342E-1 5.38976E-1 4.38269E-1 3.76084E-1 3.53017E-1 4.43034E-1 4.23616E-1 3.94449E-1 4.32066E-1 4.32066E-1 4.22778E-1 4.40478E-1 4.51599E-1 4.95679E-1 4.77197E-1 4.91787E-1 3.9689E-1 4.47233E-1 4.99627E-1 5.12232E-1 5.41105E-1 5.58371E-1 5.48307E-1 5.58162E-1 5.07906E-1 5.12725E-1 5.20262E-1 5.22966E-1 5.18109E-1 5.15687E-1 5.15823E-1 5.15823E-1 5.25814E-1 5.36015E-1 5.38472E-1 5.19878E-1 5.19878E-1 -9999 -9999 -9999 -9999 -9999 -9999 -9999 -9999 -9999 -9999 -9999
6.94275E-1 6.56258E-1 6.53813E-1 6.37108E-1 6.61568E-1 6.65329E-1 6.82357E-1 6.51347E-1 6.45379E-1 6.50307E-1 6.22621E-1 6.17657E-1 6.277E-1 5.77344E-1 5.60706E-1 5.31865E-1 4.83344E-1 4.74236E-1 5.17915E-1 5.49848E-1 5.49848E-1 5.57692E-1 5.55342E-1 5.25016E-1 4.57873E-1 4.13817E-1 4.54259E-1 4.79247E-1 4.50682E-1 4.23436E-1 3.86303E-1 4.35956E-1 4.70828E-1 4.84473E-1 5.01413E-1 4.82958E-1 4.47788E-1 4.5441E-1 4.5613E-1 5.01968E-1 4.96879E-1 5.25412E-1 5.45288E-1 4.63911E-1 4.75501E-1 4.85008E-1 4.59955E-1 5.12589E-1 5.12589E-1 5.22966E-1 5.22966E-1 5.22966E-1 5.25402E-1 4.42504E-1 4.49652E-1 4.49652E-1 4.61705E-1 4.61705E-1 -9999 -9999 -9999 -9999 -9999 -9999 -9999 -9999 -9999 -9999 -9999
6.64031E-1 6.68908E-1 6.98819E-1 6.56683E-1 6.81044E-1 6.74402E-1 6.84114E-1 6.53394E-1 6.58316E-1 6.57901E-1 6.6036E-1 6.19563E-1 6.02208E-1 5.72434E-1 5.51039E-1 5.12143E-1 4.66702E-1 4.62218E-1 4.73604E-1 4.73604E-1 4.49381E-1 4.51572E-1 4.37391E-1 4.48315E-1 4.08314E-1 4.08314E-1 4.56447E-1 5.23042E-1 5.09404E-1 3.88316E-1 3.86303E-1 4.33794E-1 4.37529E-1 4.10525E-1 4.25411E-1 4.01668E-1 4.07966E-1 3.72563E-1 4.27378E-1 4.56129E-1 5.01588E-1 5.27819E-1 5.04992E-1 5.1456E-1 5.36964E-1 5.15491E-1 4.59955E-1 4.59955E-1 4.84503E-1 4.86993E-1 4.86993E-1 4.30735E-1 4.30735E-1 4.40136E-1 4.40136E-1 4.52049E-1 4.52049E-1 -9999 -9999 -9999 -9999 -9999 -9999 -9999 -9999 -9999 -9999 -9999 -9999
6.32335E-1 6.42062E-1 6.22366E-1 6.163E-1 6.40616E-1 6.03498E-1 6.30411E-1 6.4024E-1 6.15582E-1 6.45171E-1 6.59945E-1 6.17081E-1 5.97259E-1 5.62456E-1 4.86575E-1 4.65996E-1 4.61652E-1 4.57193E-1 4.80998E-1 4.80998E-1 4.68706E-1 4.70946E-1 4.28763E-1 4.41743E-1 4.70416E-1 4.59201E-1 3.96752E-1 4.20565E-1 4.24818E-1 4.31245E-1 4.69301E-1 4.47197E-1 4.37529E-1 4.04245E-1 4.35408E-1 4.00314E-1 4.15074E-1 3.93993E-1 4.48109E-1 4.66142E-1 4.37345E-1 4.48215E-1 4.66375E-1 5.02311E-1 5.49677E-1 5.23179E-1 4.72148E-1 -9999 -9999 -9999 -9999 -9999 -9999 -9999 5.02054E-1 4.54453E-1 4.54453E-1 -9999 -9999 -9999 -9999 -9999 -9999 -9999 -9999 -9999 -9999 -9999 -9999
6.48545E-1 5.82046E-1 5.67216E-1 5.45193E-1 5.56798E-1 5.58652E-1 5.03592E-1 5.73269E-1 5.97654E-1 6.14025E-1 6.01634E-1 5.4786E-1 5.43021E-1 5.25093E-1 4.9676E-1 4.65996E-1 4.45535E-1 4.24757E-1 4.22612E-1 4.13448E-1 4.02166E-1 4.02166E-1 4.06655E-1 4.23596E-1 4.86346E-1 4.93252E-1 4.17997E-1 4.26617E-1 4.32843E-1 4.17697E-1 5.07697E-1 4.75648E-1 4.20744E-1 4.45933E-1 4.24307E-1 3.48418E-1 3.54143E-1 3.47285E-1 3.54968E-1 3.75459E-1 3.7345E-1 4.0039E-1 4.52718E-1 4.51575E-1 -9999 -9999 -9999 -9999 -9999 -9999 -9999 -9999 -9999 -9999 -9999 -9999 -9999 -9999 -9999 -9999 -9999 -9999 -9999 -9999 -9999 -9999 -9999 -9999 -9999
4.87268E-1 4.82894E-1 4.77557E-1 4.92892E-1 5.12366E-1 5.10213E-1 5.63814E-1 5.68537E-1 4.55909E-1 6.24575E-1 5.84855E-1 4.82603E-1 5.07259E-1 5.52432E-1 4.51756E-1 4.70179E-1 4.54414E-1 4.29064E-1 4.22447E-1 3.81269E-1 3.81269E-1 4.08749E-1 4.15072E-1 4.64238E-1 5.1013E-1 4.11624E-1 4.22389E-1 4.82915E-1 5.00098E-1 4.79099E-1 4.66149E-1 4.57147E-1 4.73137E-1 4.89225E-1 5.07196E-1 3.6449E-1 3.78199E-1 3.78199E-1 4.17407E-1 4.02487E-1 4.19321E-1 4.25667E-1 5.50895E-1 -9999 -9999 -9999 -9999 -9999 -9999 -9999 -9999 -9999 -9999 -9999 -9999 -9999 -9999 -9999 -9999 -9999 -9999 -9999 -9999 -9999 -9999 -9999 -9999 -9999 -9999
5.81298E-1 5.57733E-1 5.34038E-1 4.93898E-1 5.92011E-1 5.37778E-1 5.01515E-1 5.15362E-1 4.71591E-1 5.82789E-1 5.37826E-1 4.58028E-1 5.05938E-1 4.75783E-1 4.34034E-1 4.67735E-1 4.54242E-1 4.1965E-1 4.154E-1 3.70566E-1 3.70566E-1 4.12469E-1 4.25245E-1 3.80629E-1 4.18335E-1 4.28928E-1 4.44416E-1 4.62494E-1 4.60357E-1 4.49041E-1 4.80274E-1 4.82589E-1 4.94243E-1 5.10937E-1 4.81099E-1 4.55813E-1 4.90826E-1 4.56958E-1 5.20306E-1 6.25965E-1 -9999 -9999 -9999 -9999 -9999 -9999 -9999 -9999 -9999 -9999 -9999 -9999 -9999 -9999 -9999 -9999 -9999 -9999 -9999 -9999 -9999 -9999 -9999 -9999 -9999 -9999 -9999 -9999 -9999
6.70869E-1 6.83538E-1 5.8413E-1 5.99988E-1 5.80927E-1 4.64236E-1 4.18911E-1 4.33315E-1 4.81526E-1 5.35999E-1 6.72593E-1 5.62856E-1 3.76371E-1 3.56848E-1 3.51864E-1 4.31228E-1 4.38095E-1 4.33734E-1 4.154E-1 3.74682E-1 3.95015E-1 3.86357E-1 4.04975E-1 3.9671E-1 4.30983E-1 4.53692E-1 4.65071E-1 4.73987E-1 4.73987E-1 4.76743E-1 4.79065E-1 5.25454E-1 5.2786E-1 5.30102E-1 4.63092E-1 -9999 -9999 -9999 -9999 -9999 -9999 -9999 -9999 -9999 -9999 -9999 -9999 -9999 -9999 -9999 -9999 -9999 -9999 -9999 -9999 -9999 -9999 -9999 -9999 -9999 -9999 -9999 -9999 -9999 -9999 -9999 -9999 -9999 -9999
-9999 -9999 -9999 6.92658E-1 7.52481E-1 6.27359E-1 6.03582E-1 5.62671E-1 5.57961E-1 4.6184E-1 6.26208E-1 4.50639E-1 4.07463E-1 4.42552E-1 3.90648E-1 4.51309E-1 3.70427E-1 3.72411E-1 3.70705E-1 3.68728E-1 3.95015E-1 3.87476E-1 3.45841E-1 3.75181E-1 4.32486E-1 4.57077E-1 4.78184E-1 4.51027E-1 -9999 -9999 -9999 -9999 -9999 -9999 -9999 -9999 -9999 -9999 -9999 -9999 -9999 -9999 -9999 -9999 -9999 -9999 -9999 -9999 -9999 -9999 -9999 -9999 -9999 -9999 -9999 -9999 -9999 -9999 -9999 -9999 -9999 -9999 -9999 -9999 -9999 -9999 -9999 -9999 -9999
-9999 -9999 -9999 -9999 -9999 -9999 -9999 6.63034E-1 5.87781E-1 5.90197E-1 5.6549E-1 5.46164E-1 5.24528E-1 6.22069E-1 5.26847E-1 5.06375E-1 3.57725E-1 3.71435E-1 4.34983E-1 4.24323E-1 3.41774E-1 3.60588E-1 3.64828E-1 4.0967E-1 4.33992E-1 4.54095E-1 -9999 -9999 -9999 -9999 -9999 -9999 -9999 -9999 -9999 -9999 -9999 -9999 -9999 -9999 -9999 -9999 -9999 -9999 -9999 -9999 -9999 -9999 -9999 -9999 -9999 -9999 -9999 -9999 -9999 -9999 -9999 -9999 -9999 -9999 -9999 -9999 -9999 -9999 -9999 -9999 -9999 -9999 -9999
-9999 -9999 -9999 -9999 -9999 -9999 -9999 -9999 -9999 -9999 -9999 -9999 -9999 -9999 5.15371E-1 4.63639E-1 5.09504E-1 4.61779E-1 4.01577E-1 4.48088E-1 3.2998E-1 3.21909E-1 3.4467E-1 4.19275E-1 4.22794E-1 -9999 -9999 -9999 -9999 -9999 -9999 -9999 -9999 -9999 -9999 -9999 -9999 -9999 -9999 -9999 -9999 -9999 -9999 -9999 -9999 -9999 -9999 -9999 -9999 -9999 -9999 -9999 -9999 -9999 -9999 -9999 -9999 -9999 -9999 -9999 -9999 -9999 -9999 -9999 -9999 -9999 -9999 -9999 -9999
-9999 -9999 -9999 -9999 -9999 -9999 -9999 -9999 -9999 -9999 -9999 -9999 -9999 -9999 -9999 -9999 5.40397E-1 5.09339E-1 4.37509E-1 4.13853E-1 3.60366E-1 3.68868E-1 4.37479E-1 4.5668E-1 -9999 -9999 -9999 -9999 -9999 -9999 -9999 -9999 -9999 -9999 -9999 -9999 -9999 -9999 -9999 -9999 -9999 -9999 -9999 -9999 -9999 -9999 -9999 -9999 -9999 -9999 -9999 -9999 -9999 -9999 -9999 -9999 -9999 -9999 -9999 -9999 -9999 -9999 -9999 -9999 -9999 -9999 -9999 -9999 -9999
-9999 -9999 -9999 -9999 -9999 -9999 -9999 -9999 -9999 -9999 -9999 -9999 -9999 -9999 -9999 -9999 -9999 -9999 -9999 -9999 3.87778E-1 3.37299E-1 3.99436E-1 -9999 -9999 -9999 -9999 -9999 -9999 -9999 -9999 -9999 -9999 -9999 -9999 -9999 -9999 -9999 -9999 -9999 -9999 -9999 -9999 -9999 -9999 -9999 -9999 -9999 -9999 -9999 -9999 -9999 -9999 -9999 -9999 -9999 -9999 -9999 -9999 -9999 -9999 -9999 -9999 -9999 -9999 -9999 -9999 -9999 -9999
-9999 -9999 -9999 -9999 -9999 -9999 -9999 -9999 -9999 -9999 -9999 -9999 -9999 -9999 -9999 -9999 -9999 -9999 -9999 -9999 -9999 -9999 -9999 -9999 -9999 -9999 -9999 -9999 -9999 -9999 -9999 -9999 -9999 -9999 -9999 -9999 -9999 -9999 -9999 -9999 -9999 -9999 -9999 -9999 -9999 -9999 -9999 -9999 -9999 -9999 -9999 -9999 -9999 -9999 -9999 -9999 -9999 -9999 -9999 -9999 -9999 -9999 -9999 -9999 -9999 -9999 -9999 -9999 -9999
-9999 -9999 -9999 -9999 -9999 -9999 -9999 -9999 -9999 -9999 -9999 -9999 -9999 -9999 -9999 -9999 -9999 -9999 -9999 -9999 -9999 -9999 -9999 -9999 -9999 -9999 -9999 -9999 -9999 -9999 -9999 -9999 -9999 -9999 -9999 -9999 -9999 -9999 -9999 -9999 -9999 -9999 -9999 -9999 -9999 -9999 -9999 -9999 -9999 -9999 -9999 -9999 -9999 -9999 -9999 -9999 -9999 -9999 -9999 -9999 -9999 -9999 -9999 -9999 -9999 -9999 -9999 -9999 -9999
