Week 7/1_MaxEnt/output/Hippodamia_variegata_projection.asc
ncols         950
nrows         550
xllcorner     -14.0
yllcorner     49.0
cellsize      0.02
NODATA_value  -9999
[rows 217 to 247 of 550, columns 552 to 620 of 950]
2.06644E-3 2.27788E-3 2.26557E-3 6.21333E-3 1.41628E-2 1.30828E-2 3.4439E-3 3.14047E-3 1.1405E-2 1.2608E-2 1.36491E-2 1.49616E-2 1.20063E-2 3.4095E-2 4.48597E-2 4.22698E-2 4.22698E-2 3.85704E-2 3.85704E-2 4.97931E-2 5.50702E-2 5.34489E-2 5.36777E-2 6.63471E-2 7.1462E-2 1.31855E-1 1.41365E-1 2.27285E-1 3.0771E-1 3.2479E-1 3.39123E-1 3.06295E-1 3.09282E-1 3.66309E-1 3.7146E-1 3.86623E-1 3.86623E-1 2.7766E-1 1.91489E-1 2.20457E-1 2.09495E-1 1.71409E-1 1.59325E-1 1.57662E-1 1.47938E-1 1.23902E-1 1.23241E-1 1.4482E-1 1.46371E-1 1.51117E-1 1.31724E-1 1.97588E-1 2.42948E-1 2.95198E-1 5.30471E-1 5.248E-1 -9999 -9999 -9999 -9999 -9999 -9999 -9999 -9999 -9999 -9999 -9999 -9999 -9999
7.547E-3 3.93195E-3 6.36974E-3 6.29105E-3 6.83455E-3 1.28287E-2 1.21E-2 6.03542E-3 1.5198E-2 1.67977E-2 1.68678E-2 3.04667E-2 3.27704E-2 5.47335E-2 4.56521E-2 2.61185E-2 2.65603E-2 4.1383E-2 4.12073E-2 4.7325E-2 4.91646E-2 8.57089E-2 8.39394E-2 1.62518E-1 1.74105E-1 2.38778E-1 2.57635E-1 3.16839E-1 3.23039E-1 3.2479E-1 1.08873E-1 1.05455E-1 1.50803E-1 2.73946E-1 2.82222E-1 2.7806E-1 2.7554E-1 1.45737E-1 1.26938E-1 1.67329E-1 2.00764E-1 1.86742E-1 2.99948E-1 2.94091E-1 1.4952E-1 1.4952E-1 1.27294E-1 1.19371E-1 1.31162E-1 1.28371E-1 8.21361E-2 7.61392E-2 1.31712E-1 1.70873E-1 4.62132E-1 5.28342E-1 5.73767E-1 5.50613E-1 -9999 -9999 -9999 -9999 -9999 -9999 -9999 -9999 -9999 -9999 -9999
1.70287E-3 9.11766E-3 1.00099E-2 1.81324E-2 1.34378E-2 1.32249E-2 2.08886E-2 4.20925E-2 4.64377E-2 5.18204E-2 5.23963E-2 3.79539E-2 3.83754E-2 3.26633E-2 7.05796E-2 3.30961E-2 3.32362E-2 3.66E-2 3.6446E-2 3.6446E-2 6.40681E-2 1.00273E-1 1.09344E-1 1.68261E-1 1.79368E-1 1.89931E-1 2.71728E-1 1.42963E-1 1.2331E-1 6.53181E-2 4.79118E-2 4.81131E-2 9.4376E-2 9.63537E-2 1.40081E-1 1.51734E-1 1.24241E-1 9.9198E-2 8.6677E-2 8.10146E-2 1.01097E-1 1.46159E-1 3.37701E-1 3.23412E-1 2.42454E-1 2.33948E-1 1.30041E-1 1.08343E-1 1.09245E-1 9.27942E-2 9.3232E-2 7.05606E-2 8.38663E-2 8.74999E-2 9.82243E-2 3.01395E-1 3.43779E-1 4.70312E-1 5.32498E-1 5.32498E-1 5.32498E-1 5.37653E-1 5.37653E-1 -9999 -9999 -9999 -9999 -9999 -9999
2.36217E-3 2.52065E-3 5.08349E-3 1.63157E-2 2.04659E-2 2.06181E-2 1.92792E-2 1.89322E-2 1.04216E-2 1.3743E-2 1.40876E-2 9.51348E-3 2.11275E-2 2.56851E-2 8.26909E-2 8.17382E-2 9.73912E-2 9.95482E-2 1.02596E-1 1.08348E-1 1.28266E-1 1.42139E-1 1.85185E-1 1.86158E-1 1.77486E-1 1.62332E-1 1.27473E-1 1.16371E-1 5.99125E-2 5.37077E-2 4.27775E-2 3.38203E-2 3.38203E-2 3.34544E-2 7.77638E-2 7.03652E-2 8.42231E-2 8.53022E-2 8.3511E-2 8.17064E-2 1.01528E-1 6.09652E-2 9.68158E-2 3.30748E-1 3.21318E-1 3.06387E-1 1.2475E-1 9.59667E-2 8.47031E-2 1.17331E-1 1.31876E-1 1.30179E-1 1.01465E-1 5.57831E-2 5.7213E-2 2.5261E-1 2.98421E-1 3.39486E-1 3.87174E-1 4.70037E-1 4.96001E-1 5.54536E-1 5.27361E-1 -9999 -9999 -9999 -9999 -9999 -9999
4.58321E-3 3.897E-3 2.36068E-3 2.58887E-3 1.0568E-2 1.3151E-2 1.77857E-2 1.69889E-2 8.26005E-3 8.1581E-3 1.19908E-2 1.16452E-2 2.84918E-2 3.23674E-2 6.55321E-2 6.88463E-2 9.30053E-2 9.50535E-2 7.36609E-2 7.36609E-2 7.77918E-2 1.01683E-1 1.6932E-1 1.9109E-1 6.42339E-2 4.76634E-2 4.64789E-2 6.04911E-2 3.75513E-2 3.69301E-2 3.61678E-2 3.33991E-2 3.39619E-2 3.68259E-2 3.96459E-2 2.23797E-2 2.01933E-2 2.02622E-2 2.37856E-2 9.85922E-2 7.03296E-2 5.88928E-2 6.0674E-2 1.42536E-1 1.83601E-1 3.25492E-1 3.20808E-1 1.36223E-1 1.35507E-1 1.65771E-1 2.50836E-1 1.64322E-1 1.60919E-1 8.2426E-2 6.81192E-2 9.39881E-2 1.03722E-1 1.23794E-1 3.92336E-1 4.92775E-1 4.68456E-1 4.8257E-1 5.64993E-1 5.67169E-1 5.83412E-1 -9999 -9999 -9999 -9999
2.51445E-3 4.39248E-3 6.76435E-3 1.45512E-2 1.41109E-2 1.34776E-2 7.73211E-3 6.71817E-3 6.55506E-3 8.92544E-3 2.24494E-2 2.31269E-2 2.49632E-2 4.30302E-2 4.56765E-2 6.44619E-2 4.29991E-2 4.08605E-2 4.05143E-2 4.37266E-2 4.40996E-2 6.80189E-2 8.9345E-2 1.80903E-1 1.70709E-1 5.10434E-2 5.79444E-2 8.92084E-2 9.27062E-2 3.05748E-2 2.99485E-2 4.63322E-2 5.99207E-2 3.32626E-2 2.97106E-2 5.93797E-3 5.3507E-3 1.84484E-2 2.21066E-2 2.46575E-2 2.81011E-2 2.71646E-2 3.21033E-3 1.81665E-2 2.0961E-2 2.57513E-2 1.09957E-1 1.42847E-1 1.39112E-1 1.39851E-1 2.48309E-1 2.48309E-1 1.24446E-1 4.55826E-2 4.59669E-2 4.73367E-2 1.15386E-1 1.31516E-1 1.82417E-1 1.71326E-1 3.05849E-1 3.28761E-1 5.66782E-1 5.53768E-1 6.38425E-1 6.21614E-1 -9999 -9999 -9999
2.29565E-3 7.81999E-3 7.40567E-3 6.96232E-3 6.62837E-3 7.37324E-3 7.495E-3 6.74575E-3 6.77343E-3 1.92894E-2 2.02997E-2 3.35576E-2 3.41356E-2 5.22806E-2 5.52305E-2 5.13332E-2 4.06893E-2 4.19165E-2 4.74966E-2 7.05347E-2 6.96353E-2 1.32291E-1 1.51352E-1 1.26582E-1 1.21927E-1 1.3007E-1 1.273E-1 1.1119E-1 1.1422E-1 4.00392E-2 3.77705E-2 3.77705E-2 6.04329E-2 5.86586E-2 2.74375E-2 1.54587E-3 1.40286E-3 1.48367E-3 6.86097E-3 5.24639E-3 6.49449E-4 7.98453E-4 2.99428E-3 3.18558E-3 1.05368E-2 1.43045E-2 5.61788E-2 7.36182E-2 1.08814E-1 1.13001E-1 2.35789E-1 2.43319E-1 4.52781E-2 2.26209E-2 2.30514E-2 3.01478E-2 5.30321E-2 5.46238E-2 5.8438E-2 1.30658E-1 2.54409E-1 2.79765E-1 5.04394E-1 5.16992E-1 5.3826E-1 5.86053E-1 -9999 -9999 -9999
2.59966E-3 4.89082E-3 1.49741E-3 2.61657E-3 2.76953E-3 6.54619E-3 7.50505E-3 8.71668E-3 8.89893E-3 9.04746E-3 1.98725E-2 2.48322E-2 2.53646E-2 2.78252E-2 2.7012E-2 2.75904E-2 6.62551E-2 9.10065E-2 7.55516E-2 7.67982E-2 1.42906E-1 1.27572E-1 7.67048E-2 8.57915E-2 7.1227E-2 6.85365E-2 9.08109E-2 4.30562E-2 4.12095E-2 4.13832E-2 1.89547E-2 1.84221E-2 3.06206E-2 2.73466E-2 2.87546E-3 2.07053E-3 9.33767E-4 2.91889E-4 1.60344E-3 1.29751E-3 7.18115E-4 8.06268E-4 3.53581E-3 1.016E-3 7.56183E-3 7.75206E-3 1.02289E-2 4.13345E-2 1.30217E-1 1.42588E-1 2.21888E-1 2.38412E-1 2.1289E-1 3.81794E-2 2.0223E-2 2.16877E-2 2.22292E-2 5.3035E-2 5.25885E-2 9.95821E-2 2.19382E-1 2.51852E-1 2.57462E-1 3.83545E-1 4.05253E-1 5.3442E-1 5.68959E-1 -9999 -9999
2.12715E-3 2.11015E-3 1.53305E-3 1.64513E-3 4.1876E-3 4.4818E-3 4.88006E-3 5.22817E-3 1.0264E-2 1.05248E-2 2.06269E-2 2.07148E-2 3.71974E-2 3.65618E-2 5.76653E-2 7.34403E-2 7.87778E-2 6.44435E-2 5.36111E-2 6.51735E-2 3.46818E-2 3.03654E-2 6.25911E-2 5.74847E-2 2.96756E-2 2.94281E-2 4.17941E-2 3.8548E-2 4.00536E-2 2.37774E-2 1.18537E-2 1.07149E-2 1.35726E-2 1.15018E-2 8.70187E-3 1.11015E-3 2.8413E-4 2.75314E-4 2.45262E-4 2.80485E-5 3.1991E-5 3.4964E-4 9.69023E-4 9.61992E-4 8.65585E-4 3.91717E-3 4.80557E-3 2.28272E-2 2.66169E-2 9.71827E-2 1.21936E-1 2.37481E-1 2.1874E-1 3.99698E-2 3.93094E-2 5.24414E-2 5.13442E-2 8.15774E-2 8.54783E-2 9.24029E-2 1.06998E-1 1.95962E-1 2.07467E-1 3.01272E-1 3.17898E-1 3.61587E-1 4.77796E-1 -9999 -9999
1.46282E-3 1.4571E-3 2.19526E-3 2.01712E-3 2.41383E-3 2.86826E-3 4.05213E-3 4.43021E-3 8.92712E-3 9.15409E-3 2.13405E-2 2.35611E-2 7.30541E-2 7.42811E-2 3.15831E-2 3.12575E-2 2.72691E-2 1.0237E-2 3.43435E-2 4.22791E-2 2.96122E-2 2.93653E-2 2.3491E-2 3.25209E-2 1.85849E-2 1.65599E-2 1.39256E-2 9.38121E-3 7.67538E-3 1.77469E-2 1.53376E-2 2.74733E-3 2.26041E-3 3.1944E-3 2.92231E-3 3.81146E-3 2.84419E-3 2.73392E-4 1.21095E-4 9.14928E-5 1.22666E-4 2.7718E-4 1.99964E-4 4.31195E-4 4.72301E-4 3.17996E-3 4.33005E-3 2.57855E-2 3.06761E-2 8.89979E-2 9.85944E-2 1.65907E-1 1.74921E-1 1.45581E-1 9.05245E-2 1.42503E-1 1.47406E-1 1.66903E-1 1.65156E-1 1.60012E-1 1.43299E-1 1.86967E-1 1.93931E-1 2.01121E-1 2.64362E-1 2.83433E-1 4.87384E-1 -9999 -9999
1.45185E-3 1.43487E-3 1.96189E-3 1.95413E-3 1.96969E-3 4.87198E-3 8.5754E-3 9.45186E-3 1.03735E-2 2.07597E-2 2.25254E-2 3.42342E-2 6.85383E-2 5.67288E-2 1.29049E-2 2.80097E-2 2.56242E-2 9.72009E-3 9.76038E-3 2.76974E-2 2.66719E-2 2.03479E-2 2.03479E-2 2.72929E-2 2.69518E-2 1.57067E-2 1.26424E-2 5.73836E-3 7.58167E-3 1.55307E-2 8.11519E-3 2.23006E-3 1.70052E-3 6.79835E-4 6.53139E-4 5.89819E-4 2.19941E-3 2.00567E-4 1.81067E-4 1.47965E-4 3.56359E-4 3.62823E-4 7.43436E-4 1.68832E-3 2.01822E-3 2.45109E-3 1.43076E-2 1.84747E-2 4.18102E-2 1.14407E-1 1.22232E-1 1.30805E-1 1.07132E-1 9.90316E-2 8.86291E-2 8.60388E-2 1.70159E-1 2.21698E-1 2.67823E-1 2.70511E-1 1.99324E-1 1.90194E-1 2.18213E-1 2.27402E-1 2.64362E-1 2.64362E-1 -9999 -9999 -9999
1.90317E-3 5.0363E-3 5.59932E-3 6.01375E-3 6.27404E-3 5.84689E-3 6.32588E-3 2.48634E-2 2.68803E-2 2.31753E-2 2.22012E-2 2.47784E-2 2.49918E-2 9.18583E-3 6.91739E-3 1.61439E-2 1.60775E-2 1.42647E-2 5.57936E-3 1.61137E-2 2.06022E-2 2.03479E-2 1.96817E-2 2.08648E-2 1.57901E-2 1.48074E-2 1.26882E-2 1.19175E-2 8.06355E-3 7.16075E-3 7.4162E-3 2.01646E-3 4.94E-4 4.46105E-4 5.5599E-4 5.47744E-4 4.89273E-4 5.03927E-4 2.79776E-4 2.70096E-4 3.08741E-4 3.08741E-4 8.51705E-4 1.0097E-3 4.51026E-3 5.41148E-3 1.53472E-2 1.93306E-2 3.12407E-2 3.12407E-2 8.91886E-2 8.84365E-2 1.27826E-1 1.30555E-1 1.47107E-1 1.6543E-1 2.0833E-1 2.41879E-1 9.40832E-2 1.0303E-1 1.07512E-1 3.14458E-1 3.51981E-1 3.58725E-1 2.90229E-1 3.6031E-1 3.93659E-1 5.75175E-1 -9999
4.35028E-3 3.6506E-3 3.87958E-3 9.15386E-3 9.67135E-3 1.02179E-2 1.10483E-2 1.30424E-2 1.2556E-2 6.39216E-3 5.65274E-3 5.31566E-3 6.83413E-3 1.08329E-2 1.32682E-2 1.58287E-2 1.53063E-2 1.30615E-2 4.70331E-3 1.22654E-2 1.83133E-2 2.01963E-2 2.32742E-2 1.72642E-2 1.23434E-2 6.07752E-3 7.47019E-3 7.56252E-3 3.48985E-3 3.16801E-3 1.08247E-3 6.10854E-4 5.96944E-4 6.0142E-4 9.27416E-4 1.14181E-3 1.65615E-3 1.51499E-3 2.78746E-4 2.768E-4 3.15386E-4 2.27676E-3 2.09924E-3 8.23719E-4 3.78924E-3 5.63756E-3 3.00358E-2 3.99273E-2 3.99273E-2 3.16351E-2 1.3378E-1 1.38425E-1 1.50359E-1 1.75343E-1 1.90705E-1 2.95874E-1 2.29496E-1 7.90743E-2 6.58036E-2 7.34066E-2 7.7923E-2 2.05239E-1 2.88302E-1 4.48814E-1 4.72615E-1 4.52169E-1 4.66029E-1 -9999 -9999
2.12653E-3 7.37585E-3 8.00077E-3 8.8282E-3 7.92093E-3 7.92093E-3 9.81478E-3 9.32904E-3 7.89802E-3 7.35533E-3 3.07182E-3 2.78991E-3 4.93418E-3 6.04549E-3 1.3541E-2 1.3541E-2 1.40808E-2 9.09029E-3 6.26912E-3 6.3739E-3 8.66138E-3 9.32336E-3 9.06077E-3 7.56749E-3 5.86183E-3 2.52801E-3 3.74071E-3 3.74071E-3 2.42807E-3 2.33585E-3 1.77433E-3 5.38853E-4 5.99178E-4 7.98827E-4 1.04881E-3 2.3154E-3 2.37049E-3 2.836E-3 1.31207E-3 1.17264E-3 1.1681E-3 2.78896E-3 2.30466E-3 2.03237E-3 2.82406E-3 1.34847E-2 1.73426E-2 5.89819E-2 5.92336E-2 5.73731E-2 5.81033E-2 3.78659E-2 3.81794E-2 1.24835E-1 1.33003E-1 1.65856E-1 1.72119E-1 6.38973E-2 6.10089E-2 8.11125E-2 8.68137E-2 1.20098E-1 1.51158E-1 2.32669E-1 2.32669E-1 5.19658E-1 6.04148E-1 -9999 -9999
1.9258E-3 5.92728E-3 4.42033E-3 4.13958E-3 5.8177E-3 6.11777E-3 5.62586E-3 4.73635E-3 6.76425E-3 6.24665E-3 3.19906E-3 3.09574E-3 3.23868E-3 4.7392E-3 4.67242E-3 4.39675E-3 3.65678E-3 5.39095E-3 5.06945E-3 5.68952E-3 4.82427E-3 4.35928E-3 3.66171E-3 4.77551E-3 5.14127E-3 2.45961E-3 1.32518E-3 1.19289E-3 1.12712E-3 5.92432E-4 5.0928E-4 4.69287E-4 4.69287E-4 9.15326E-4 1.11001E-3 2.32449E-3 2.83219E-3 7.02974E-3 6.88724E-3 2.23577E-3 2.34211E-3 6.6491E-3 1.53145E-2 1.63345E-2 1.72544E-2 3.64276E-2 4.13345E-2 5.26636E-2 5.33356E-2 5.33356E-2 5.76155E-2 2.72722E-2 2.68236E-2 3.97537E-2 4.02534E-2 3.89343E-2 3.92532E-2 3.38469E-2 3.38469E-2 3.49968E-2 8.71824E-2 8.33143E-2 1.07391E-1 1.69375E-1 2.16133E-1 2.39334E-1 -9999 -9999 -9999
2.22727E-3 5.70546E-3 3.72081E-3 2.66331E-3 2.50602E-3 1.8344E-3 1.77082E-3 2.40682E-3 2.72947E-3 2.2194E-3 1.98614E-3 1.67468E-3 1.70783E-3 1.22352E-3 1.19157E-3 3.14713E-3 3.15993E-3 4.65122E-3 2.25351E-3 1.56671E-3 1.47366E-3 2.85284E-4 2.1563E-4 1.21593E-3 1.5366E-3 1.2417E-3 1.16794E-3 8.11143E-4 1.35406E-3 1.07806E-3 1.22218E-3 1.20316E-3 5.8679E-4 1.87045E-3 1.73943E-3 3.97816E-3 4.01018E-3 4.1078E-3 1.06572E-2 1.7271E-2 2.05248E-2 2.04387E-2 2.5025E-2 2.29351E-2 4.08341E-2 6.11843E-2 6.71758E-2 6.97866E-2 8.95669E-2 8.84365E-2 4.91072E-2 4.86974E-2 2.60561E-2 2.59482E-2 1.92108E-2 1.9055E-2 3.07584E-2 3.16622E-2 5.57066E-2 5.64163E-2 8.36651E-2 8.72514E-2 1.20347E-1 2.18853E-1 3.60435E-1 4.62192E-1 5.97155E-1 6.1478E-1 -9999
2.17397E-3 2.21456E-3 8.14193E-4 7.01939E-4 6.99322E-4 1.0662E-3 9.68901E-4 1.81836E-3 2.2457E-3 2.02592E-3 1.98614E-3 6.93853E-4 5.89906E-4 5.47953E-4 8.93851E-4 1.34926E-3 1.35443E-3 2.01141E-3 1.76045E-3 1.58986E-3 9.23833E-4 2.0865E-4 1.98666E-4 2.23791E-4 1.28047E-3 2.02865E-3 2.38766E-3 2.99374E-3 2.96982E-3 2.87605E-3 1.58007E-3 1.48172E-3 1.59249E-3 1.76805E-3 1.75279E-3 1.7935E-3 3.97816E-3 4.27477E-3 6.40699E-3 7.12933E-3 8.27782E-3 8.07925E-3 5.25885E-2 5.34851E-2 4.94279E-2 4.98482E-2 9.95821E-2 1.07486E-1 1.23427E-1 1.19842E-1 4.33787E-2 4.58128E-2 2.42935E-2 2.31252E-2 1.85952E-2 1.85952E-2 2.84965E-2 8.68559E-2 7.29546E-2 7.05531E-2 1.30321E-1 1.55868E-1 2.62732E-1 4.25015E-1 4.99109E-1 5.24125E-1 5.41065E-1 6.36076E-1 6.05913E-1
1.77646E-3 1.69294E-3 6.31953E-4 4.4171E-4 3.74703E-4 4.42552E-4 4.24049E-4 4.22468E-4 8.84316E-4 1.24208E-3 1.36311E-3 1.14947E-3 4.15517E-4 9.17093E-4 1.55466E-3 1.83648E-3 1.01346E-3 7.68987E-4 2.67757E-4 2.9612E-4 9.86416E-4 8.36624E-4 3.16497E-4 2.70738E-4 2.92364E-4 3.24497E-4 1.21472E-3 1.44047E-3 3.20497E-3 5.23545E-3 8.22017E-3 8.01626E-3 8.32875E-3 8.32875E-3 2.75214E-3 2.65678E-3 4.30917E-3 4.27477E-3 4.17319E-3 3.13031E-3 6.05444E-3 6.10369E-3 2.33253E-2 2.90101E-2 3.14113E-2 5.93404E-2 1.00006E-1 1.03903E-1 6.05868E-2 4.84599E-2 5.60177E-2 8.59251E-2 6.65505E-2 6.61925E-2 5.70363E-2 1.30883E-1 1.3658E-1 1.43507E-1 1.53781E-1 1.839E-1 1.8874E-1 2.73447E-1 3.12189E-1 4.38406E-1 4.07723E-1 5.14538E-1 5.37725E-1 6.3653E-1 6.0857E-1
1.46915E-3 1.46333E-3 9.70587E-4 6.76617E-4 3.27001E-4 4.59612E-4 1.22734E-3 1.37886E-3 1.1662E-3 1.5047E-3 1.13322E-3 1.00257E-3 2.36634E-3 2.7658E-3 2.12653E-3 2.16053E-3 9.36686E-4 6.47153E-4 3.29816E-4 3.87942E-4 6.17482E-4 1.05441E-3 6.31656E-4 3.75221E-4 3.30604E-4 3.44119E-4 3.78301E-4 1.08858E-3 3.94521E-3 4.64854E-3 5.59032E-3 1.10975E-2 1.15229E-2 1.1922E-2 5.36942E-3 4.87173E-3 5.24044E-3 6.3555E-3 5.72706E-3 3.21733E-3 3.21733E-3 8.25167E-3 1.12069E-2 1.90263E-2 2.20635E-2 7.90976E-2 7.77618E-2 5.9281E-3 5.41799E-3 1.38239E-2 1.87263E-2 4.05626E-2 4.39363E-2 1.30013E-1 1.46281E-1 1.84423E-1 1.88328E-1 2.22575E-1 2.37799E-1 3.07387E-1 3.01465E-1 3.62019E-1 3.70561E-1 3.62019E-1 3.73836E-1 4.93819E-1 5.31363E-1 -9999 -9999
1.54812E-3 1.54812E-3 1.52981E-3 8.48705E-4 1.31296E-3 1.53707E-3 2.84529E-3 2.79948E-3 3.52783E-3 3.84799E-3 1.81551E-3 2.01272E-3 3.38336E-3 4.39714E-3 1.78993E-3 2.83134E-3 3.36668E-3 2.89241E-3 2.38493E-3 2.39274E-3 2.58454E-3 2.16724E-3 1.70151E-3 3.7659E-4 3.66496E-4 5.21375E-4 6.1325E-4 1.13218E-3 1.0943E-3 1.67172E-3 1.79939E-3 8.89107E-3 9.62673E-3 8.88345E-3 1.03172E-2 1.70947E-2 1.81214E-2 1.21697E-2 1.12147E-2 8.80678E-3 1.19422E-2 1.32203E-2 1.67253E-2 3.45611E-2 2.61095E-2 1.8576E-2 5.40891E-3 3.99252E-3 4.36872E-3 1.40512E-2 1.69876E-2 2.16848E-2 4.10483E-2 9.30064E-2 9.06774E-2 9.49905E-2 1.61163E-1 1.78794E-1 1.9461E-1 2.36714E-1 2.49065E-1 2.59324E-1 3.29236E-1 3.37222E-1 3.45177E-1 4.68909E-1 5.09777E-1 5.52061E-1 -9999
5.74471E-3 1.09336E-3 9.04295E-4 7.43635E-4 7.67336E-4 1.19714E-3 1.57409E-3 1.02403E-2 1.43401E-2 5.45897E-3 3.24264E-3 1.29187E-2 1.25919E-2 2.11427E-3 1.56907E-3 2.50681E-3 2.6258E-3 3.94289E-3 3.66224E-3 2.56612E-3 2.4372E-3 1.22037E-3 9.6255E-4 3.9563E-4 4.5106E-4 7.42911E-4 2.81065E-3 3.11957E-3 3.39646E-3 1.55703E-3 1.55703E-3 2.73055E-3 3.09874E-3 3.21128E-3 1.11572E-2 2.97832E-2 3.33439E-2 3.15801E-2 2.50651E-2 2.31432E-2 1.46203E-2 1.57872E-2 2.40421E-2 2.19197E-2 7.29622E-3 6.94632E-3 4.51293E-3 4.4234E-3 5.38105E-3 5.64602E-3 1.81721E-2 2.78637E-2 3.8806E-2 3.86447E-2 6.35876E-2 6.57842E-2 1.01684E-1 1.04718E-1 9.54442E-2 9.66464E-2 1.59268E-1 1.73205E-1 3.09106E-1 3.19814E-1 3.45912E-1 3.7635E-1 4.95293E-1 5.45643E-1 7.18814E-1
1.58546E-3 9.68132E-4 8.21192E-4 5.41011E-4 1.86678E-4 1.83452E-3 3.00675E-3 1.1359E-2 1.45269E-2 2.05552E-2 1.87504E-2 9.68186E-3 7.59508E-3 9.13231E-4 5.97904E-4 7.47372E-4 2.28736E-3 3.58788E-3 5.36581E-3 4.98412E-3 2.23063E-3 2.2395E-3 1.17744E-3 1.39974E-3 1.40517E-3 2.3078E-3 3.13751E-3 3.33203E-3 5.52313E-3 5.15544E-3 2.52311E-3 2.51325E-3 3.16077E-3 3.09874E-3 3.5858E-3 4.39553E-3 3.19538E-2 3.80627E-2 4.90189E-2 4.61947E-2 3.41642E-2 3.16621E-2 2.04075E-2 1.79865E-2 5.95473E-3 5.88361E-3 5.72637E-3 6.08091E-3 1.04865E-2 1.11497E-2 2.77909E-2 3.17748E-2 3.72394E-2 7.25247E-2 6.90947E-2 6.79459E-2 8.19251E-2 8.29649E-2 8.33143E-2 8.9268E-2 1.67349E-1 1.86855E-1 2.20549E-1 2.53395E-1 2.59807E-1 3.8512E-1 4.99413E-1 5.4351E-1 5.6712E-1
1.64961E-3 1.58546E-3 5.32205E-4 3.07059E-4 4.1936E-4 6.51656E-4 8.49566E-3 1.17368E-2 2.34148E-2 2.21304E-2 1.51831E-2 2.03757E-3 7.68808E-4 4.94761E-4 7.48624E-4 1.1599E-3 1.84111E-3 2.27606E-3 4.77264E-3 5.30948E-3 9.55021E-3 9.55021E-3 3.21501E-3 3.49747E-3 2.55842E-3 2.38218E-3 3.11245E-3 4.07808E-3 1.44323E-2 1.61528E-2 6.76413E-3 6.01449E-3 3.81746E-3 3.26393E-3 3.20063E-3 3.35484E-3 1.62045E-2 1.92141E-2 5.83211E-2 5.882E-2 5.42427E-2 1.3904E-2 1.5619E-2 6.41267E-3 6.59708E-3 8.4657E-3 9.33925E-3 2.21241E-2 2.75613E-2 2.8263E-2 3.02215E-2 3.45446E-2 6.61273E-2 8.10405E-2 8.55907E-2 1.7057E-1 1.8161E-1 1.28392E-1 1.1513E-1 1.27273E-1 1.35895E-1 1.92807E-1 2.22786E-1 3.19306E-1 3.28692E-1 4.05101E-1 4.33066E-1 5.54824E-1 5.72066E-1
2.42196E-3 2.42196E-3 5.16922E-4 3.96236E-4 2.41732E-3 4.07071E-3 2.44942E-2 2.56555E-2 1.2659E-2 1.18818E-2 5.74865E-3 1.43777E-3 1.27452E-3 8.75239E-4 6.3004E-4 6.90675E-4 8.96053E-4 2.30362E-3 4.28997E-3 2.5563E-3 1.15378E-2 1.15378E-2 1.15378E-2 1.17888E-2 1.08941E-2 1.39183E-2 1.13164E-2 4.64305E-3 5.75561E-3 2.4773E-2 2.56839E-2 2.41168E-2 2.06439E-2 6.14707E-3 5.76125E-3 5.13187E-3 4.82915E-3 1.56107E-2 3.13002E-2 4.50575E-2 4.30228E-2 1.25361E-2 9.49398E-3 7.24102E-3 7.60147E-3 1.21251E-2 1.34284E-2 3.93052E-2 4.04808E-2 5.34765E-2 5.41586E-2 6.64084E-2 6.81192E-2 8.10405E-2 1.17296E-1 1.62306E-1 1.78338E-1 2.17724E-1 2.07865E-1 2.03608E-1 2.10317E-1 3.63E-1 3.85717E-1 3.57361E-1 3.70973E-1 4.0652E-1 5.08143E-1 5.53599E-1 5.72996E-1
4.17513E-3 3.19785E-3 2.72487E-3 3.90969E-3 4.49013E-3 1.30979E-2 2.17635E-2 1.96258E-2 1.87995E-2 7.29935E-3 5.84584E-3 1.57175E-3 1.66017E-3 4.84879E-4 4.27045E-4 1.09752E-3 1.42725E-3 1.49502E-3 1.50664E-3 2.54606E-3 2.82594E-3 9.8255E-3 8.09863E-3 7.19977E-3 8.28821E-3 3.31965E-2 3.39207E-2 2.96358E-2 3.05208E-2 4.34812E-2 4.49836E-2 4.23328E-2 4.12665E-2 1.32675E-2 1.31041E-2 6.84222E-3 7.09617E-3 5.96985E-2 5.37116E-2 3.90149E-2 3.96777E-2 3.91796E-2 1.75009E-2 1.3112E-2 1.3112E-2 1.57446E-2 1.62666E-2 3.78236E-2 5.74223E-2 7.27228E-2 7.42754E-2 7.58597E-2 1.02962E-1 1.35163E-1 1.71355E-1 1.99961E-1 2.14962E-1 2.29746E-1 2.87376E-1 2.91647E-1 3.37222E-1 4.11209E-1 4.07504E-1 3.49624E-1 4.73638E-1 4.98084E-1 5.41992E-1 5.54824E-1 6.43732E-1
1.21453E-2 3.82685E-3 2.95513E-3 4.34197E-3 5.42259E-3 5.00672E-2 4.92549E-2 1.36559E-2 1.29188E-2 7.59138E-3 6.39343E-3 1.71306E-3 1.66017E-3 6.53755E-4 5.70878E-4 7.08787E-4 7.44956E-4 8.61609E-4 1.92127E-3 2.1079E-3 9.18104E-4 1.76837E-3 1.77532E-3 1.81045E-3 2.83605E-3 9.7598E-3 1.15628E-2 2.98818E-2 3.02636E-2 2.91324E-2 3.29875E-2 4.05143E-2 4.08605E-2 4.50655E-2 6.20246E-2 5.57651E-2 4.72516E-2 5.7464E-2 5.37116E-2 5.21457E-2 1.32966E-2 1.3351E-2 1.60161E-2 1.57571E-2 2.69518E-2 2.71787E-2 3.77229E-2 3.78805E-2 7.63467E-2 7.66694E-2 1.0035E-1 1.01197E-1 1.28792E-1 1.33788E-1 1.75729E-1 2.04665E-1 2.23618E-1 2.36495E-1 2.45274E-1 2.45274E-1 2.5879E-1 2.62688E-1 3.13347E-1 3.22529E-1 4.53735E-1 5.22034E-1 5.5759E-1 5.74855E-1 6.53919E-1
1.85707E-2 7.53214E-3 6.43963E-3 1.35152E-2 1.61186E-2 2.25964E-2 4.69176E-2 1.12511E-2 1.09196E-2 1.05977E-2 1.06825E-2 8.81263E-3 1.99397E-3 8.29567E-4 7.198E-4 4.70192E-4 3.33995E-4 3.64916E-4 4.19669E-4 4.04659E-4 7.90698E-4 8.48848E-4 1.76145E-3 1.74213E-3 3.24792E-3 3.82006E-3 8.61955E-3 9.92155E-3 1.07279E-2 1.07719E-2 2.98986E-2 3.09393E-2 3.61728E-2 3.72684E-2 4.79753E-2 4.92238E-2 8.14304E-2 6.90499E-2 1.57413E-2 1.53608E-2 1.59724E-2 1.64401E-2 2.39762E-2 2.39762E-2 2.72554E-2 2.71426E-2 3.7254E-2 3.54348E-2 4.07886E-2 5.65651E-2 9.42943E-2 9.38971E-2 1.28704E-1 1.34752E-1 1.43647E-1 2.03608E-1 2.21341E-1 2.46175E-1 2.49916E-1 2.49916E-1 2.49916E-1 2.90123E-1 3.06989E-1 3.05502E-1 3.73682E-1 4.55616E-1 4.75403E-1 5.5651E-1 6.49054E-1
3.66014E-2 3.3096E-2 2.31322E-2 3.44253E-2 3.10976E-2 2.17353E-2 1.26052E-2 1.23895E-2 1.85598E-2 1.89678E-2 1.63693E-2 1.45711E-2 3.90265E-3 3.15549E-3 8.26475E-4 4.96255E-4 8.53453E-4 1.03832E-3 1.02493E-3 9.06762E-4 1.22552E-3 1.32939E-3 1.76966E-3 1.76966E-3 1.76966E-3 3.02449E-3 5.32514E-3 5.87558E-3 9.65877E-3 1.04576E-2 1.16583E-2 2.45973E-2 4.5823E-2 4.86561E-2 7.48331E-2 9.04157E-2 8.298E-2 7.0173E-2 1.51122E-2 1.49284E-2 1.49284E-2 3.97163E-2 3.97163E-2 3.23697E-2 4.0474E-2 4.0304E-2 3.88051E-2 3.57939E-2 3.3456E-2 4.81694E-2 7.22486E-2 7.60047E-2 7.82814E-2 1.32523E-1 1.40037E-1 2.01732E-1 2.14899E-1 3.32961E-1 3.44273E-1 3.72907E-1 3.76377E-1 3.73863E-1 3.86124E-1 4.13082E-1 4.20517E-1 4.23032E-1 4.13496E-1 5.28509E-1 5.36981E-1
8.72422E-2 8.37522E-2 8.10035E-2 8.14636E-2 2.77344E-2 1.95714E-2 1.77272E-2 1.28802E-2 2.71216E-2 2.57478E-2 2.1846E-2 2.10086E-2 2.17514E-2 5.99013E-3 8.75543E-4 6.74109E-4 6.49394E-4 2.2283E-3 2.69658E-3 3.09729E-3 3.94995E-3 4.20061E-3 4.08172E-3 3.27663E-3 3.50343E-3 2.76861E-3 5.53523E-3 6.06369E-3 7.09761E-3 1.17648E-2 1.22157E-2 2.16549E-2 2.35751E-2 2.41477E-2 2.41477E-2 9.87045E-2 1.15213E-1 8.37972E-2 7.42263E-2 3.84968E-2 3.84968E-2 3.97163E-2 4.07433E-2 5.3635E-2 5.3635E-2 6.76459E-2 6.59466E-2 3.47109E-2 3.08375E-2 3.53556E-2 4.25551E-2 6.26572E-2 6.42574E-2 1.04505E-1 1.09894E-1 1.20273E-1 2.06214E-1 3.26621E-1 3.54761E-1 4.4856E-1 4.60376E-1 4.68344E-1 4.73502E-1 4.06958E-1 3.92474E-1 3.70614E-1 3.6718E-1 4.0797E-1 4.40311E-1
9.66247E-2 8.53501E-2 6.23685E-2 5.92835E-2 5.41603E-2 2.403E-2 2.39249E-2 2.25621E-2 2.41333E-2 2.79892E-2 2.95655E-2 3.4541E-2 3.18325E-2 6.8814E-3 5.5609E-3 1.91016E-3 2.01854E-3 2.72974E-3 2.71869E-3 2.99295E-3 3.56335E-3 5.43528E-3 5.73273E-3 4.46854E-3 4.05418E-3 2.96398E-3 4.12241E-3 5.01048E-3 5.32825E-3 6.20256E-3 5.57568E-3 8.13398E-3 8.90943E-3 1.96155E-2 2.1947E-2 5.3417E-2 5.57717E-2 6.38851E-2 1.45118E-1 1.37935E-1 1.27869E-1 7.05159E-2 1.38582E-1 1.36846E-1 1.12001E-1 9.29056E-2 9.17353E-2 8.1122E-2 3.19859E-2 3.52121E-2 4.66743E-2 1.00991E-1 1.00991E-1 1.01843E-1 1.31757E-1 1.43147E-1 2.02781E-1 3.41572E-1 3.59798E-1 3.63185E-1 4.46607E-1 4.44659E-1 4.55717E-1 4.57691E-1 3.77938E-1 3.77938E-1 3.74639E-1 4.77535E-1 5.14703E-1
1.23084E-1 8.29894E-2 7.93413E-2 5.83778E-2 5.73975E-2 5.6715E-2 5.6715E-2 6.5742E-2 6.03679E-2 4.90208E-2 4.48286E-2 2.30336E-2 2.04651E-2 1.77566E-2 5.34607E-3 2.36552E-3 2.30991E-3 3.15906E-3 6.71057E-3 6.88331E-3 7.37567E-3 1.15201E-2 1.16178E-2 1.03211E-2 8.01144E-3 6.77576E-3 4.03967E-3 4.7504E-3 2.98738E-3 2.95165E-3 4.70333E-3 4.82048E-3 8.58174E-3 1.61334E-2 1.89178E-2 2.03208E-2 2.52244E-2 2.67501E-2 6.00691E-2 6.45704E-2 1.72914E-1 1.59689E-1 1.51969E-1 1.44388E-1 1.42345E-1 1.34213E-1 5.98327E-2 5.76063E-2 6.64722E-2 7.0236E-2 8.29085E-2 8.46684E-2 1.06656E-1 1.44588E-1 1.70836E-1 1.84907E-1 2.22965E-1 2.48022E-1 4.15749E-1 2.74221E-1 3.74847E-1 3.71386E-1 3.77756E-1 3.84779E-1 3.86945E-1 3.86945E-1 4.4577E-1 4.53602E-1 4.39946E-1
