Week 7/1_MaxEnt/input/dem.asc
ncols        950
nrows        550
xllcorner    -14.000000000000
yllcorner    49.000000000000
cellsize     0.020000000000
NODATA_value -9999
[rows 324 to 359 of 550, columns 574 to 655 of 950]
52 53 54 60 66 68 70 71 74 75 64 62 69 63 69 75 78 85 97 108 136 167 168 155 242 390 434 454 486 468 371 359 399 453 457 458 443 413 377 350 304 298 304 304 253 170 154 153 153 152 140 132 148 145 86 76 73 70 65 62 58 54 52 67 76 43 43 39 34 31 31 29 26 23 21 19 18 16 15 15 14 13
43 40 37 48 54 56 54 54 53 55 54 53 54 60 65 69 72 76 79 90 105 122 136 164 274 346 316 321 364 299 299 322 440 457 457 457 459 457 440 425 365 314 306 279 245 182 156 152 155 155 154 152 147 109 76 76 76 76 73 69 57 53 57 49 47 57 47 38 46 43 36 32 29 27 26 24 21 19 18 19 17 15
35 34 34 39 41 39 37 39 41 44 46 49 52 56 60 64 73 76 78 79 90 122 152 184 233 199 179 215 293 305 429 482 486 470 459 457 457 446 447 472 479 440 398 308 288 198 159 140 155 162 153 133 99 80 76 76 76 76 76 63 65 71 76 78 76 85 82 76 67 55 37 36 35 33 31 28 25 23 24 24 23 20
34 31 32 35 35 34 37 39 42 44 46 49 52 57 60 64 72 76 77 79 80 128 152 156 152 148 159 203 273 296 396 457 465 465 458 457 452 395 354 442 494 476 443 323 305 311 268 201 152 163 165 130 79 76 76 80 79 70 59 64 74 78 80 81 80 84 83 78 68 56 39 39 39 35 33 28 26 25 27 28 28 25
30 28 27 30 32 34 39 42 45 47 48 50 53 57 60 64 69 71 74 76 94 143 142 139 167 230 297 305 305 380 492 526 498 438 465 339 335 326 307 393 478 432 353 286 270 244 244 271 144 101 117 99 85 73 67 64 62 63 76 77 77 80 82 83 82 80 78 73 63 53 45 43 41 36 33 31 29 29 32 36 37 35
25 25 26 29 32 35 40 43 48 51 54 56 57 58 60 63 69 72 76 74 76 83 99 157 183 254 302 304 320 403 512 606 581 415 322 304 302 303 272 338 434 381 308 310 306 288 221 171 125 92 75 76 77 69 67 69 65 63 76 76 77 80 82 83 82 78 76 71 62 55 48 45 42 37 35 33 32 31 36 42 46 44
22 24 26 29 33 36 41 44 49 53 57 63 67 67 68 69 71 76 77 76 91 132 119 153 172 209 244 271 304 319 457 592 604 480 433 447 293 272 272 272 332 324 313 324 329 314 259 198 152 135 131 73 72 78 78 81 69 64 73 76 77 79 81 82 81 78 77 74 65 59 50 45 42 40 38 36 35 34 40 49 56 54
26 25 26 30 34 38 41 44 48 52 56 66 76 76 76 77 78 82 89 92 117 152 176 160 137 153 209 297 305 305 374 458 468 372 314 297 254 239 283 247 274 307 326 328 325 321 315 287 234 194 135 76 82 159 166 138 96 72 70 76 75 78 80 81 80 78 77 76 69 63 52 45 44 44 43 40 39 38 46 61 74 73
30 24 23 28 33 39 43 45 49 52 54 58 65 69 76 76 80 89 102 109 136 183 241 280 278 176 157 242 257 283 313 377 448 457 447 321 282 260 203 184 154 219 273 298 318 324 324 311 236 177 128 133 148 153 161 161 117 76 68 72 76 78 81 82 80 77 76 75 69 65 55 49 46 46 45 42 41 40 49 68 87 86
29 19 17 20 28 38 46 48 51 54 56 62 61 65 76 77 83 93 113 134 197 259 309 305 306 221 223 255 254 269 294 316 367 419 420 357 328 315 292 303 296 211 169 186 300 312 311 300 202 151 157 162 160 152 151 131 87 76 70 74 78 88 89 88 83 76 74 72 67 64 58 54 50 49 48 46 44 43 54 76 104 100
23 15 14 15 25 36 48 51 52 55 58 71 70 78 119 128 108 99 115 136 211 270 307 314 319 288 273 312 289 331 362 342 346 367 365 338 323 310 305 307 305 305 332 149 248 313 313 312 217 156 156 159 152 153 158 159 138 86 73 76 84 95 102 96 87 77 75 71 66 64 59 57 54 51 50 48 46 45 52 74 102 99
14 11 11 12 21 34 47 52 58 63 71 78 77 105 152 156 151 126 128 151 220 278 322 373 398 364 307 324 322 452 405 351 331 327 323 311 309 305 307 305 304 305 296 150 214 314 305 305 225 156 152 152 156 150 156 138 106 72 73 77 91 110 120 107 90 76 74 72 72 76 70 63 59 53 51 49 48 47 53 70 90 89
10 13 16 21 26 32 40 48 59 70 72 73 76 107 133 146 153 158 151 154 258 328 368 429 474 441 339 379 452 399 305 307 297 283 279 245 232 288 297 305 311 305 264 137 165 250 272 288 251 210 167 149 123 90 76 76 76 76 73 73 100 142 152 127 100 76 73 72 74 76 67 59 59 55 53 50 49 47 59 68 75 73
13 17 20 26 31 35 41 45 56 63 76 76 78 100 121 137 152 156 157 195 282 306 314 407 444 460 447 441 451 403 320 295 304 302 298 309 280 204 210 245 259 262 223 135 145 163 235 281 275 244 181 152 126 90 76 82 84 79 75 75 118 161 160 138 108 79 74 72 70 68 64 61 59 56 53 50 49 55 70 73 71 66
15 18 22 30 36 40 46 51 65 76 79 79 82 94 107 121 140 152 189 252 303 305 320 352 391 453 456 458 457 419 325 310 315 330 330 310 305 306 288 205 149 152 153 139 129 172 250 317 322 272 159 152 151 115 102 108 112 111 105 101 143 160 160 148 117 81 75 76 70 68 70 68 64 59 58 62 66 73 76 76 68 59
16 18 20 30 35 40 46 51 55 59 68 76 77 87 97 109 128 140 178 254 311 307 307 305 328 390 439 459 441 385 305 305 309 326 329 309 296 302 319 310 207 156 143 141 127 155 251 330 339 300 196 170 165 137 120 126 132 134 130 125 147 155 154 147 120 90 76 72 76 76 77 76 68 62 62 68 73 76 76 77 65 55
17 19 20 30 35 39 46 50 54 59 67 69 76 79 86 98 119 130 151 191 289 277 250 285 304 339 407 455 439 382 305 301 291 311 324 319 305 298 260 243 209 175 146 130 124 197 299 322 320 298 234 196 173 152 142 140 145 149 149 145 152 153 150 148 118 90 76 74 77 76 74 72 70 66 67 72 75 76 73 70 62 54
17 23 27 33 39 43 50 52 55 63 76 80 85 88 82 104 136 153 162 155 208 237 268 282 298 314 337 389 468 416 306 305 272 248 264 323 326 325 319 304 228 212 221 212 172 118 173 215 249 261 239 203 164 152 147 146 151 153 154 152 152 152 152 148 139 108 106 102 90 82 80 77 76 72 73 76 76 76 76 78 64 51
19 27 32 35 40 45 50 51 62 76 80 90 102 116 125 142 152 153 183 191 232 262 290 305 257 293 305 332 486 425 311 309 232 220 228 302 313 319 314 292 251 259 299 283 265 177 115 151 192 221 219 189 153 144 140 142 148 151 153 153 152 152 152 154 152 122 136 130 109 96 85 81 78 76 76 76 76 76 67 62 52 42
23 32 37 41 43 48 54 57 70 76 81 114 131 148 157 161 154 156 183 197 208 208 180 194 203 258 304 352 394 359 303 271 199 203 217 244 271 300 312 311 309 300 300 305 305 278 179 109 160 176 190 177 161 128 124 133 139 142 148 152 153 153 153 153 150 152 155 148 125 109 91 83 79 77 76 73 76 75 64 51 39 34
24 32 37 42 46 51 62 71 76 86 101 133 145 152 157 160 152 153 171 176 170 171 153 157 183 249 302 336 314 313 303 238 194 187 197 235 303 307 307 308 292 309 307 305 307 304 229 153 107 132 172 169 153 114 118 129 133 129 122 129 147 152 154 153 152 153 153 146 125 110 91 82 77 74 71 66 64 64 56 48 38 33
26 30 36 42 46 53 65 72 82 99 119 148 152 152 154 157 152 152 156 156 144 152 150 152 164 229 277 305 305 305 310 300 187 171 176 199 292 305 291 276 257 283 296 305 305 283 253 174 150 135 147 160 150 107 122 135 129 112 89 101 133 147 152 153 152 152 152 135 116 105 89 80 76 75 76 72 65 56 48 42 35 31
28 33 38 49 54 62 76 79 100 121 139 152 154 152 152 154 155 152 138 152 154 151 151 152 152 189 242 297 305 297 280 252 279 233 170 150 193 272 194 180 191 205 219 243 231 193 151 153 168 156 83 84 91 115 140 149 130 96 77 84 115 142 154 157 147 111 94 92 93 90 82 75 76 77 78 79 79 68 45 35 28 27
29 33 40 57 65 64 78 84 111 133 149 154 153 153 152 151 157 151 152 163 163 161 158 155 152 160 198 268 305 308 287 252 282 305 319 165 144 167 152 152 161 168 168 188 190 172 141 147 167 162 78 78 79 107 136 152 128 98 76 76 100 128 152 152 131 84 76 76 82 82 76 72 72 78 79 76 72 59 38 30 28 28
33 51 57 71 80 82 76 93 126 146 154 153 152 149 152 139 144 129 152 166 179 179 175 164 158 153 152 156 210 255 305 319 312 305 277 172 142 149 138 142 147 152 150 150 156 153 152 126 135 135 76 76 76 84 101 113 102 83 74 75 76 96 117 119 101 76 75 76 77 77 79 79 76 64 51 52 45 35 30 31 32 32
48 69 71 80 87 91 97 110 136 149 153 153 152 141 136 129 126 141 156 167 193 195 187 171 162 154 152 152 139 159 226 251 250 256 206 135 148 133 147 155 152 151 151 150 152 153 156 151 107 99 76 76 76 77 83 90 86 79 77 72 76 80 93 95 82 66 72 77 76 76 79 81 80 64 48 36 30 31 33 34 34 34
67 80 78 87 94 101 118 132 146 151 152 153 152 145 124 119 127 139 149 172 215 212 198 175 164 154 152 150 138 131 154 156 152 169 126 124 136 152 157 157 152 152 154 150 147 147 148 151 112 89 75 75 76 76 76 77 78 77 76 76 70 76 81 83 78 62 66 74 77 77 78 76 76 50 31 31 34 35 37 37 35 34
87 94 92 95 99 109 144 152 153 152 152 152 152 159 149 112 119 134 165 206 251 227 201 173 161 152 154 156 159 152 144 147 118 99 110 149 155 152 152 152 140 131 128 120 117 115 110 100 85 79 76 76 73 76 76 76 76 76 76 73 65 76 76 78 76 53 54 62 75 66 73 48 40 36 40 43 44 45 44 41 38 38
87 95 93 95 104 140 152 153 152 152 150 148 150 158 153 126 113 129 160 193 229 217 195 163 155 149 144 151 161 161 108 118 100 96 109 140 152 148 138 131 113 101 97 96 95 95 92 87 78 74 76 68 71 77 78 76 77 77 75 76 63 67 73 71 66 51 45 45 48 40 32 32 32 46 51 53 53 52 47 45 43 44
79 89 91 117 141 158 157 154 152 151 145 136 136 149 153 155 104 114 152 153 181 185 176 158 154 142 143 152 116 104 113 96 80 81 87 106 115 116 101 89 83 76 76 76 76 78 79 79 78 77 73 66 62 63 64 76 80 76 78 76 68 56 56 50 41 39 38 38 39 40 45 50 55 66 70 70 63 57 50 52 50 50
83 88 95 122 140 152 155 154 152 151 142 129 124 136 145 146 120 100 109 134 162 168 164 154 155 153 129 132 111 95 86 85 80 76 76 83 89 92 80 74 76 73 73 76 76 75 76 77 77 77 76 68 61 54 51 48 59 63 70 69 60 51 47 41 41 42 41 41 44 49 58 63 69 76 76 73 63 53 53 54 51 48
81 91 100 120 132 142 147 149 154 150 140 123 116 119 126 127 115 102 92 105 152 153 156 152 152 155 150 114 101 91 95 98 91 75 74 75 76 76 76 73 72 70 68 74 76 69 71 73 73 73 70 65 59 53 51 47 45 44 53 55 52 47 43 46 51 47 43 44 49 55 69 73 75 77 76 70 58 54 55 54 48 48
78 85 94 104 107 111 121 128 135 134 128 117 110 102 102 102 97 93 88 84 80 99 114 127 132 141 149 152 87 90 118 138 141 117 94 76 76 76 71 70 68 67 65 63 61 59 59 59 57 56 53 51 51 49 48 46 45 43 48 50 50 42 45 62 74 70 54 47 52 58 73 77 77 77 77 72 58 56 56 55 48 59
76 80 86 89 86 88 101 108 114 115 115 111 107 101 96 92 86 84 82 80 77 77 77 99 109 119 128 123 84 90 124 152 152 139 110 84 81 81 80 80 79 76 70 66 60 55 54 54 58 58 52 54 54 47 46 45 51 58 68 69 65 42 48 66 76 77 73 76 76 78 72 76 76 76 76 76 76 60 61 65 63 99
76 82 79 76 76 76 78 86 89 91 94 98 100 100 97 91 81 76 76 75 75 77 77 76 81 81 94 98 82 82 97 111 116 113 102 87 83 83 84 85 83 80 78 66 56 69 76 81 76 99 97 97 83 64 63 76 77 78 76 76 66 43 46 63 76 76 77 79 76 76 76 76 76 77 76 77 78 70 107 116 115 144
56 82 76 76 72 76 74 76 79 81 84 90 93 96 96 93 85 80 78 76 76 74 76 74 74 77 80 86 81 79 80 85 86 90 89 83 81 82 84 83 80 80 76 57 66 79 82 89 99 99 126 123 80 76 76 76 76 76 71 70 73 51 47 55 66 73 76 76 76 76 77 77 77 78 77 76 80 91 152 141 117 119
