Week 7/1_MaxEnt/input/dem.asc
ncols        950
nrows        550
xllcorner    -14.000000000000
yllcorner    49.000000000000
cellsize     0.020000000000
NODATA_value -9999
[rows 216 to 251 of 550, columns 492 to 573 of 950]
238 218 199 175 198 166 197 206 208 208 213 192 146 152 136 144 138 148 154 158 167 177 190 192 188 189 204 238 273 282 292 294 297 302 304 305 314 423 430 328 298 250 248 269 264 312 288 206 231 277 347 327 308 320 336 423 576 491 379 382 408 427 353 186 195 277 317 306 259 229 190 162 139 157 157 155 152 152 152 152 136 147
232 227 223 234 288 285 265 252 252 254 269 265 194 163 157 151 148 152 154 156 184 215 227 209 196 190 194 249 300 305 305 288 288 298 299 294 308 388 404 331 307 309 288 224 218 209 211 206 185 180 218 199 186 299 305 316 403 423 261 316 353 329 282 222 160 179 271 294 217 193 174 152 131 151 138 152 152 152 152 135 151 158
247 273 280 278 305 317 304 288 301 287 281 306 213 183 177 165 159 158 157 175 246 277 270 235 223 207 198 242 299 303 282 271 281 299 298 287 283 312 351 312 307 287 248 280 293 250 245 247 276 288 249 237 149 175 288 169 201 132 130 154 271 271 216 219 199 140 154 191 186 162 161 144 128 118 157 157 153 152 153 147 138 123
285 305 313 310 312 325 344 359 339 309 280 255 235 227 204 174 168 162 229 269 305 305 305 339 415 347 270 226 241 251 270 296 305 304 302 304 304 273 268 258 250 289 339 409 308 339 381 423 481 437 464 424 330 223 182 271 365 322 323 420 204 142 122 137 213 271 166 125 107 105 103 101 99 97 123 153 152 151 152 152 124 94
300 304 305 305 312 341 420 453 416 357 315 295 282 266 237 196 189 206 285 305 307 305 305 390 491 338 276 227 269 280 302 310 339 328 311 305 303 298 285 338 384 445 593 457 320 397 475 578 549 462 459 339 304 269 262 311 428 457 447 328 304 288 272 167 117 169 131 135 160 164 158 253 190 144 94 110 116 112 114 104 97 78
309 307 306 305 306 320 397 411 377 340 311 310 310 304 261 248 277 299 314 312 305 305 305 305 289 238 264 279 329 341 306 446 547 468 423 305 292 278 307 419 570 619 607 479 401 480 528 605 516 460 447 423 381 370 406 405 363 339 236 195 185 225 295 272 178 127 150 161 180 183 193 200 158 129 112 103 99 95 111 111 101 99
305 305 305 305 305 305 310 319 306 308 305 307 305 283 266 303 313 305 308 308 305 307 298 264 245 297 319 312 385 412 370 576 538 463 445 342 285 321 424 464 576 609 610 491 443 548 581 562 462 457 450 451 404 363 372 322 271 215 241 288 333 288 185 169 142 153 163 168 174 174 169 162 144 122 111 115 138 150 152 154 152 149
271 280 284 290 290 296 304 307 305 305 305 299 291 282 294 307 310 305 305 308 305 297 276 251 281 320 346 368 440 467 424 458 491 458 453 311 290 305 455 458 504 590 620 594 471 600 554 521 485 405 338 345 326 300 267 265 288 285 310 272 288 190 203 165 177 171 167 167 166 161 149 143 139 120 110 100 146 144 118 134 137 100
259 278 283 294 296 369 468 447 398 357 313 305 306 304 306 305 308 305 286 281 267 272 293 301 313 318 344 376 441 425 461 470 468 418 343 299 307 345 491 619 704 620 606 501 429 399 373 376 330 330 304 304 306 336 382 427 359 310 222 224 257 302 311 310 296 207 174 167 162 158 154 157 152 152 159 154 109 79 86 83 77 98
285 312 313 305 321 411 471 454 427 386 329 310 306 304 305 304 304 302 284 302 303 305 280 303 293 298 311 341 425 425 457 476 464 324 305 314 416 416 490 551 628 527 415 415 415 396 362 330 330 386 418 423 443 430 423 243 285 227 271 290 307 309 305 287 255 219 198 181 171 165 157 156 152 156 137 92 94 131 154 113 125 155
275 288 288 298 322 396 453 449 437 413 354 317 307 305 297 294 304 311 343 370 387 409 399 300 274 302 322 338 414 456 459 454 399 391 398 377 377 449 507 483 491 576 576 460 466 458 438 389 438 457 445 418 352 281 300 312 292 306 307 305 305 306 305 297 289 246 216 194 175 169 149 127 118 115 128 130 162 177 159 115 161 163
252 283 303 293 306 350 408 433 445 437 390 321 306 305 295 307 315 343 401 421 442 462 437 326 281 339 438 445 398 431 462 454 432 456 460 426 427 456 607 603 608 615 606 489 457 457 457 456 459 474 386 312 275 308 317 327 320 316 307 305 306 309 304 305 303 237 205 182 160 152 133 135 130 173 209 137 158 175 174 143 152 152
304 304 305 300 306 316 354 415 457 457 445 365 317 298 315 305 315 378 455 455 457 454 422 423 304 316 339 330 332 376 452 442 426 433 447 458 467 491 604 612 618 612 540 443 458 461 457 436 440 423 289 289 305 305 311 327 326 317 305 305 305 279 254 247 237 193 174 158 140 143 153 159 157 255 322 151 152 181 216 196 137 152
294 305 305 305 294 285 279 311 369 389 343 296 292 318 351 377 405 443 457 461 491 496 479 402 295 305 322 355 334 298 306 329 349 330 323 426 517 607 603 497 518 516 339 361 452 391 358 354 395 351 305 305 308 305 307 320 321 315 305 281 239 219 204 178 165 152 153 161 170 183 213 228 230 216 168 164 174 212 295 284 190 167
339 339 339 297 290 276 256 241 248 249 240 221 255 307 333 382 443 454 445 547 634 556 486 313 305 305 348 437 441 383 276 299 324 305 276 339 451 536 576 423 294 309 382 412 439 429 445 456 459 394 315 305 305 305 306 314 311 302 275 267 250 227 208 185 171 171 181 193 198 215 260 284 274 225 201 201 194 221 293 289 214 196
466 484 458 395 354 341 294 277 261 240 157 152 157 167 201 287 305 319 378 458 475 449 424 416 425 337 375 375 458 424 310 244 300 256 228 290 378 408 394 135 285 452 504 476 462 461 456 434 408 369 319 306 305 305 306 298 294 301 305 315 275 238 214 230 238 226 246 267 235 254 299 307 296 266 268 283 268 246 261 271 263 288
437 482 458 456 442 446 374 325 299 290 237 196 162 148 145 271 317 305 295 320 396 429 439 474 484 409 375 428 441 375 303 288 209 215 192 178 231 271 131 186 444 484 559 481 457 448 386 322 333 325 309 305 305 305 305 302 305 308 311 302 255 247 256 278 293 279 288 319 288 277 305 305 300 297 304 305 304 282 276 285 301 386
457 484 470 459 457 459 424 362 319 312 342 343 303 242 173 121 157 207 246 261 340 431 459 496 495 453 446 457 456 402 307 275 213 155 152 140 145 126 186 351 467 525 584 462 440 374 322 301 305 305 305 305 305 305 305 305 306 306 290 277 275 283 311 323 324 308 333 364 312 300 305 305 349 369 331 305 304 305 339 365 423 475
458 477 469 457 453 433 389 440 360 308 353 455 435 307 309 210 123 102 164 176 232 339 449 506 505 471 464 465 457 451 327 275 222 164 151 115 127 157 294 342 397 424 456 442 406 317 303 276 286 298 305 305 306 305 305 305 305 305 300 305 301 313 378 447 491 447 456 457 426 333 309 353 444 425 349 307 313 386 490 462 440 482
464 423 438 457 458 456 421 436 357 312 282 307 385 299 304 221 128 135 116 146 230 323 399 475 479 459 458 477 469 432 310 273 220 164 161 130 111 138 272 305 341 372 396 396 371 313 291 271 269 287 307 307 306 305 305 305 305 305 305 306 305 306 365 457 527 437 417 388 372 307 309 341 378 340 305 301 302 401 493 449 323 423
337 300 380 450 423 425 435 332 304 303 314 315 279 225 231 208 164 100 77 110 174 212 267 316 317 306 329 382 395 339 306 295 249 161 161 153 112 114 165 196 303 332 335 333 318 285 268 251 238 257 292 308 303 304 305 305 309 310 299 307 305 305 308 419 413 315 284 288 231 235 319 293 162 227 282 305 289 326 373 320 301 306
282 305 342 342 305 305 441 423 309 266 254 306 263 190 180 167 152 116 73 77 123 141 189 259 282 262 265 285 307 305 308 314 270 159 152 164 135 97 136 173 299 316 309 305 288 261 246 230 223 226 243 252 258 304 306 308 312 305 249 295 306 305 354 455 447 378 309 233 155 186 313 148 154 239 316 335 302 281 299 292 305 320
269 305 305 305 305 305 321 314 282 287 236 169 174 168 153 96 84 74 67 72 93 118 155 224 252 234 230 246 305 311 305 314 266 167 143 152 114 76 130 179 250 260 257 265 250 233 223 206 200 190 177 187 205 274 305 324 325 283 165 221 304 305 348 457 467 423 304 209 152 163 144 157 215 322 434 375 336 304 270 288 305 304
238 296 305 305 305 305 289 262 226 156 152 151 144 125 145 154 164 146 82 64 76 100 134 183 214 209 186 160 237 262 307 221 160 115 116 100 74 76 151 175 157 148 153 184 187 196 203 200 188 201 209 238 145 157 206 286 300 144 154 230 294 304 304 455 421 303 205 130 133 146 193 264 327 445 446 333 305 305 270 244 244 244
239 305 305 305 305 305 305 294 230 166 144 151 135 126 134 149 168 175 153 94 65 86 123 172 188 196 179 152 151 146 183 116 103 98 88 81 71 76 140 154 145 152 150 159 162 177 196 204 213 243 332 385 285 168 133 152 204 204 169 297 309 309 312 385 343 216 140 130 157 172 253 305 311 408 452 428 360 302 296 304 244 244
202 249 272 305 305 305 276 230 179 152 212 290 336 231 190 138 101 128 145 148 111 52 75 138 133 153 167 152 100 82 80 75 73 69 65 67 65 72 89 88 151 158 143 144 152 166 183 200 229 262 332 366 315 305 304 191 114 118 153 214 201 266 305 295 262 162 128 151 161 196 249 282 304 423 457 393 326 307 305 305 279 282
183 219 251 302 309 307 299 280 206 179 249 302 322 261 187 140 115 90 122 151 147 96 47 57 62 82 107 106 85 85 117 100 106 84 64 58 61 65 69 76 151 165 143 152 148 157 155 180 214 248 305 303 285 270 249 158 119 105 154 131 156 224 287 270 217 121 124 150 163 189 230 296 304 343 399 425 412 374 307 313 304 311
164 190 224 290 310 306 305 295 244 212 246 274 292 285 214 157 135 78 104 153 153 151 88 48 36 47 56 61 76 80 158 152 158 96 66 55 56 57 68 80 139 138 113 126 137 152 154 168 184 189 236 246 240 201 154 152 157 115 119 137 152 187 224 207 167 99 133 152 159 166 200 245 266 310 348 462 475 451 413 423 344 325
101 133 168 208 265 290 270 250 224 195 211 227 256 288 270 263 281 271 71 67 61 57 52 43 38 27 31 36 43 50 94 126 152 152 118 53 48 49 63 76 82 95 128 157 162 158 160 162 150 132 151 173 180 165 152 152 147 125 76 77 109 127 148 74 82 150 175 179 157 152 162 189 205 258 311 449 453 403 339 371 336 315
77 94 126 136 171 239 244 224 202 176 167 179 207 237 240 260 278 271 159 80 117 141 103 58 44 22 23 25 27 31 48 64 111 164 170 108 46 40 55 76 76 81 140 156 159 143 149 142 96 104 133 152 153 152 138 127 119 103 77 66 76 76 77 76 85 153 176 170 133 145 153 162 154 226 297 367 377 342 295 286 268 253
70 76 86 131 172 203 212 195 175 155 139 152 159 175 178 181 168 153 124 92 107 83 76 76 57 16 13 12 14 15 18 28 45 88 147 173 120 69 33 41 49 79 79 80 72 76 76 83 77 83 105 117 112 94 91 77 76 71 66 56 58 66 73 82 98 151 152 115 103 127 141 125 142 195 247 303 306 304 305 305 262 224
131 70 70 114 153 178 191 181 153 152 122 152 152 156 156 156 148 147 125 137 92 80 89 92 75 25 7 5 7 9 10 18 25 45 84 150 116 83 70 30 25 23 21 35 54 80 79 77 76 82 90 91 84 65 63 60 57 54 47 44 58 71 79 81 84 105 105 79 85 90 106 126 152 185 221 266 272 268 272 266 222 189
140 110 70 79 113 149 155 163 156 138 115 149 152 152 152 152 144 136 142 152 104 96 125 149 121 52 17 1 2 4 5 11 15 23 43 92 78 76 76 76 76 77 66 20 44 76 81 84 57 76 76 76 65 47 42 39 40 39 33 40 54 67 76 76 65 67 71 74 84 90 102 117 135 166 189 203 215 225 223 214 178 168
107 74 71 70 70 56 78 83 139 153 78 78 98 119 129 144 108 101 98 85 76 77 125 148 139 87 53 19 1 1 1 3 5 6 9 26 38 40 41 47 53 53 47 15 24 46 54 60 35 42 40 35 29 18 14 16 18 19 23 29 40 44 46 52 60 76 79 79 84 87 87 87 91 85 120 152 161 168 155 153 155 156
153 135 82 76 79 76 56 56 87 134 106 71 70 75 77 77 69 81 75 68 105 150 147 133 116 76 47 17 1 -9999 1 1 1 2 1 -9999 7 10 13 17 17 14 16 5 8 16 15 17 16 18 14 9 7 2 1 5 9 10 17 22 29 31 37 48 57 71 76 76 80 81 79 76 76 81 93 123 129 128 151 152 152 153
176 180 171 83 72 76 78 52 56 75 86 79 76 60 48 49 53 60 68 87 148 249 310 246 235 194 101 101 1 -9999 -9999 -9999 -9999 -9999 -9999 -9999 -9999 -9999 -9999 -9999 -9999 -9999 -9999 -9999 -9999 -9999 -9999 -9999 -9999 -9999 -9999 -9999 -9999 -9999 1 2 4 8 14 18 26 31 36 44 48 58 64 67 66 67 69 71 73 76 99 156 184 194 176 163 148 149
