Week 7/1_MaxEnt/input/dem.asc
ncols        950
nrows        550
xllcorner    -14.000000000000
yllcorner    49.000000000000
cellsize     0.020000000000
NODATA_value -9999
[rows 252 to 287 of 550, columns 328 to 409 of 950]
1 1 -9999 46 64 83 142 183 113 70 74 99 144 152 152 150 164 191 193 180 168 164 151 95 73 74 85 156 327 271 239 214 201 188 196 166 163 157 117 96 81 76 58 34 27 33 43 65 148 165 152 146 117 72 75 90 117 120 126 144 196 264 292 284 283 290 229 202 242 215 190 244 34 205 261 80 -9999 -9999 -9999 -9999 -9999 -9999
14 51 90 77 84 185 263 261 200 154 100 77 150 137 155 152 152 152 152 152 152 152 132 92 76 76 91 140 373 346 298 268 279 304 277 179 160 152 120 99 79 75 64 42 33 30 39 58 118 152 152 142 111 73 77 79 83 97 124 151 200 211 204 209 200 170 150 152 167 160 168 197 74 210 271 252 53 -9999 -9999 -9999 -9999 -9999
51 102 133 74 135 159 171 165 159 152 152 145 102 115 128 136 152 152 152 152 149 148 123 128 116 140 146 163 203 241 297 304 308 296 301 196 143 130 106 94 78 73 65 49 41 35 36 46 79 138 155 152 116 74 78 78 80 84 94 102 134 87 105 111 120 131 141 165 183 189 185 186 280 178 269 271 113 11 -9999 -9999 -9999 -9999
4 15 36 45 53 62 105 297 161 152 157 167 151 135 146 140 144 152 152 152 143 144 145 179 210 259 217 244 257 258 294 275 300 400 310 176 183 376 99 109 70 64 59 50 44 37 36 42 74 121 152 152 116 72 76 77 77 78 76 73 71 76 103 117 132 151 174 220 247 240 254 291 299 215 288 350 166 45 50 1 -9999 -9999
11 29 439 139 145 81 269 278 152 152 152 191 268 177 148 168 164 169 167 184 283 434 301 284 310 304 303 319 354 439 299 301 307 278 196 141 148 182 96 68 60 59 58 52 47 42 41 40 58 115 152 142 110 77 72 73 73 73 74 76 94 123 164 240 257 231 248 303 317 305 320 353 303 308 303 291 236 129 101 99 34 -9999
87 140 308 171 151 148 111 113 149 145 164 198 224 158 179 243 275 269 182 218 306 310 327 405 436 337 327 323 294 439 429 330 310 213 123 76 76 78 75 66 63 66 67 59 54 48 45 42 51 81 152 135 98 74 73 72 72 72 72 76 127 166 223 311 294 221 229 284 304 304 314 296 296 344 443 254 203 121 86 63 1 1
157 152 170 163 165 198 180 173 195 170 171 182 173 269 315 367 376 357 322 468 322 347 436 462 492 456 422 349 245 188 188 203 190 135 83 67 64 64 64 64 67 74 76 65 59 53 49 45 45 54 111 112 88 76 74 72 72 71 70 76 120 151 157 184 166 152 175 240 266 265 252 237 270 298 339 219 137 88 108 124 6 -9999
166 174 147 269 305 304 290 301 304 283 312 421 426 372 515 460 340 367 428 378 287 295 316 302 293 421 379 336 307 197 95 76 75 70 79 73 67 64 63 63 63 66 71 66 62 57 54 52 52 56 76 82 80 76 75 72 72 71 69 71 89 111 121 152 167 214 289 255 213 199 184 251 300 265 166 129 170 169 167 126 137 158
220 211 153 171 228 281 260 260 222 215 253 279 336 329 322 306 225 226 206 227 261 291 317 308 340 303 303 302 251 154 107 103 106 105 100 84 69 61 63 66 66 66 63 63 62 59 57 55 57 61 74 77 78 77 76 72 71 70 70 76 105 135 163 205 204 211 233 227 169 166 153 176 128 112 139 198 184 190 175 157 160 152
79 137 353 172 152 147 116 117 101 124 117 164 128 135 140 188 269 269 306 304 314 317 352 431 417 286 211 204 149 152 180 194 215 270 260 172 111 78 73 73 76 73 71 65 61 61 61 61 61 64 71 76 79 79 76 72 70 67 66 71 108 155 231 236 217 172 152 162 135 104 117 110 100 134 142 170 217 252 261 255 199 188
74 103 232 156 113 83 76 84 107 151 257 296 289 295 241 300 271 294 307 304 304 303 295 352 331 225 197 186 184 201 245 275 302 387 421 284 179 127 76 76 77 76 75 67 63 58 58 58 62 64 70 76 80 80 76 74 70 65 62 62 75 98 146 150 158 168 141 132 96 72 72 80 118 130 176 208 253 199 220 213 172 122
37 39 71 52 59 79 82 125 92 108 160 155 118 126 130 136 139 143 170 270 257 253 253 265 243 201 203 211 242 270 280 288 348 448 421 280 198 125 76 77 78 77 76 68 62 58 58 58 61 62 67 73 78 76 69 74 58 58 58 58 59 67 88 100 110 142 97 76 71 71 84 117 138 161 194 279 217 184 145 60 49 28
83 122 155 64 117 152 198 303 297 251 206 173 164 168 152 223 275 271 162 152 160 162 179 178 187 239 290 301 263 300 248 162 159 185 155 107 81 67 76 78 78 76 76 67 61 58 58 58 58 58 58 58 58 58 58 58 58 58 58 58 60 62 64 67 67 70 78 76 79 95 107 101 101 117 139 125 118 54 21 1 -9999 -9999
192 326 292 47 77 122 143 175 257 302 347 324 294 214 162 152 155 176 171 163 166 166 164 168 173 230 276 272 226 224 185 159 151 113 90 67 59 59 73 78 76 74 72 66 62 58 58 58 58 58 58 58 58 58 58 58 58 58 58 62 66 70 73 76 76 87 99 132 150 138 134 121 134 122 110 41 32 1 -9999 -9999 -9999 -9999
172 188 170 116 51 76 105 148 253 327 467 394 289 198 165 152 153 161 194 206 198 180 166 161 156 152 140 269 142 132 114 110 96 80 76 67 62 63 69 72 67 64 64 62 61 58 58 58 58 58 58 58 58 58 58 58 58 59 64 69 74 76 78 88 99 129 152 148 196 205 202 170 188 168 59 26 1 -9999 -9999 -9999 -9999 -9999
68 99 92 80 58 68 89 139 253 300 324 300 236 153 153 153 158 168 198 213 206 183 168 164 160 153 151 141 135 125 96 81 72 73 76 70 67 67 66 67 66 65 65 63 61 58 58 58 58 58 58 58 58 58 58 58 58 60 66 71 77 78 81 95 111 141 152 164 235 255 279 276 272 330 90 1 -9999 -9999 -9999 -9999 41 104
115 82 74 61 75 59 68 122 170 181 175 188 188 140 150 154 159 164 179 193 200 186 172 164 161 148 144 151 142 150 94 73 73 72 71 69 68 68 68 66 69 68 66 62 60 58 58 58 58 58 58 58 58 58 58 58 58 59 65 70 76 78 84 102 119 145 152 183 268 292 324 195 119 63 44 -9999 -9999 -9999 6 35 139 158
181 142 142 269 111 66 76 77 101 105 105 113 111 127 151 152 152 152 145 152 168 165 160 156 152 135 126 143 439 299 97 76 74 72 73 75 75 76 76 76 76 72 66 60 59 58 58 58 58 58 58 58 58 58 58 58 58 58 63 67 77 81 88 112 135 154 184 219 284 315 380 257 40 26 10 -9999 3 22 30 52 96 86
145 152 156 360 216 91 82 81 81 87 88 92 96 112 130 132 132 133 140 143 147 148 150 152 150 153 168 239 368 282 87 97 73 76 76 84 76 79 76 75 76 69 62 58 58 58 58 58 58 58 58 58 58 58 58 58 58 58 61 66 76 107 132 104 134 167 197 223 241 237 269 88 20 7 11 8 10 19 30 39 38 27
156 150 121 125 142 91 93 93 87 85 90 98 105 118 127 129 134 148 153 158 182 195 193 167 153 142 155 193 193 139 75 76 76 76 76 125 76 75 76 72 64 58 58 58 58 58 58 58 58 58 58 58 58 58 58 58 59 60 63 66 76 102 141 146 117 147 171 248 230 135 57 32 17 25 18 40 112 130 119 120 89 66
129 113 108 105 101 98 101 105 102 98 98 104 113 133 145 147 143 152 152 161 212 239 236 187 161 146 128 117 88 78 76 76 76 76 76 66 67 71 70 67 58 58 58 58 58 58 58 58 58 58 58 58 58 58 58 58 59 60 63 66 76 76 101 117 108 149 162 184 116 73 28 18 33 37 30 90 110 152 120 93 68 66
129 122 122 116 112 108 110 119 122 120 116 117 123 146 156 161 158 184 171 176 224 251 243 180 155 135 146 113 84 74 75 76 76 76 76 70 67 64 64 62 58 58 58 58 58 58 58 58 58 58 58 58 58 58 58 58 58 59 61 65 75 76 76 88 76 80 87 102 75 37 24 25 19 45 91 121 102 132 118 104 80 67
181 156 143 134 128 119 129 142 147 148 152 155 152 150 156 207 256 303 228 202 196 196 180 153 151 439 109 97 84 77 80 84 75 76 76 75 71 67 60 58 57 57 57 58 58 56 56 57 57 57 58 58 58 58 58 59 59 58 58 58 70 76 76 65 55 42 38 36 32 39 74 116 131 140 137 140 139 120 113 109 68 63
182 160 149 144 140 129 141 152 152 152 165 186 193 149 152 209 245 252 191 176 154 152 146 148 191 354 198 91 83 78 86 112 83 76 79 77 73 68 60 58 58 58 58 58 57 57 57 57 57 59 58 58 61 59 64 66 63 61 58 57 58 57 54 46 46 44 48 49 55 60 83 98 109 120 115 126 150 155 133 98 68 66
152 152 150 152 152 154 152 152 152 151 152 184 275 152 159 153 143 126 76 78 85 109 146 154 182 236 180 108 79 75 72 75 89 88 99 85 74 64 60 59 60 60 60 59 59 59 59 59 60 61 71 80 89 94 91 80 71 64 58 60 66 70 76 77 78 76 88 99 146 148 111 81 67 75 77 85 100 107 99 78 60 54
146 153 157 237 152 152 152 155 155 152 154 152 155 116 104 79 71 67 80 149 72 84 120 178 162 175 158 141 103 81 92 68 76 112 123 86 68 61 61 60 61 61 61 60 60 60 61 62 61 63 78 95 112 122 112 87 73 64 65 76 79 81 92 128 144 135 131 143 192 241 152 95 80 83 90 81 77 130 97 113 61 58
152 152 147 157 153 152 149 159 165 154 113 110 82 74 71 71 70 69 152 74 81 149 91 127 150 139 167 181 105 87 77 67 68 110 123 76 61 62 61 61 61 62 62 61 61 62 63 64 63 62 81 101 128 144 124 89 73 63 69 77 76 79 86 104 133 141 139 149 157 197 136 99 90 79 80 104 91 82 91 87 79 70
207 243 242 196 184 178 159 126 114 106 76 151 78 87 173 110 119 118 92 133 101 61 54 52 52 87 87 87 71 73 82 68 75 97 74 62 68 66 63 62 62 63 64 64 64 67 69 70 67 65 64 75 101 125 106 80 76 74 72 71 76 75 80 96 103 113 117 124 144 147 152 191 149 130 98 82 81 80 87 66 38 40
252 334 403 282 261 267 226 173 134 123 108 104 120 188 421 153 163 162 146 251 348 175 76 41 38 109 84 78 135 117 79 80 122 156 119 87 76 68 63 62 64 65 67 67 68 70 73 74 71 68 65 65 66 80 76 73 76 76 78 77 76 76 98 126 138 135 136 140 135 140 152 153 170 179 122 136 106 69 69 73 44 39
145 182 196 187 251 360 266 156 149 163 224 250 287 269 239 240 229 191 132 121 454 311 111 31 28 64 73 82 101 86 69 77 89 100 99 105 84 66 63 63 70 76 82 84 76 74 78 84 74 71 67 66 67 69 73 78 79 71 77 75 78 89 112 135 152 153 152 150 166 177 160 183 192 220 179 123 109 91 79 61 44 48
81 74 99 100 158 266 140 147 144 171 280 306 334 300 297 299 265 202 152 165 351 259 90 33 37 59 64 64 72 64 81 88 76 76 83 122 104 123 66 67 83 97 112 109 92 77 78 99 74 71 68 72 71 73 77 80 81 78 72 72 76 85 107 152 154 153 160 179 237 264 278 331 388 259 234 168 120 120 97 95 37 20
76 92 122 126 126 125 128 124 147 137 229 285 314 304 258 203 212 174 152 173 271 217 107 59 57 62 65 65 64 69 97 118 124 76 81 108 84 70 70 76 106 129 145 136 115 85 78 96 76 73 78 78 76 73 75 78 78 79 84 76 73 76 76 110 135 152 171 228 295 292 279 290 344 336 226 153 117 106 72 56 28 17
65 92 153 152 153 154 151 159 233 267 202 133 150 181 164 439 213 118 126 133 166 161 116 81 74 69 67 66 65 71 86 95 93 76 76 79 74 75 76 94 142 160 166 157 142 100 77 73 76 76 83 83 76 72 74 76 74 77 131 150 121 109 94 75 76 114 129 164 188 184 154 156 199 158 154 107 90 74 52 45 10 28
111 194 151 133 142 150 152 160 277 282 231 159 145 133 165 339 238 137 94 90 101 114 90 77 76 70 67 66 65 70 74 76 76 84 98 106 100 79 89 110 153 174 180 161 152 113 83 75 74 71 93 95 76 72 75 75 75 76 120 152 152 145 134 97 76 90 100 111 127 143 139 99 107 77 98 90 87 50 32 31 6 18
297 439 237 131 140 138 133 127 165 147 107 101 94 91 107 129 102 79 82 79 110 71 70 69 68 67 65 64 68 76 98 123 126 134 151 150 151 123 119 130 185 221 231 196 161 142 114 98 117 77 131 147 80 86 92 73 75 75 76 105 135 144 152 121 95 87 93 101 118 132 152 145 133 126 97 52 79 56 14 1 10 19
111 267 228 151 158 153 150 151 124 100 79 77 76 77 79 76 93 96 92 77 71 70 70 71 71 66 64 68 70 76 121 152 152 151 153 152 152 152 148 179 263 279 282 250 207 180 163 128 96 131 154 153 69 115 119 78 75 73 76 85 95 103 120 117 103 92 96 106 124 135 149 131 113 101 67 29 32 31 1 18 20 -9999
