Week 7/1_MaxEnt/input/dem.asc
ncols        950
nrows        550
xllcorner    -14.000000000000
yllcorner    49.000000000000
cellsize     0.020000000000
NODATA_value -9999
[rows 324 to 359 of 550, columns 328 to 409 of 950]
117 114 112 111 113 116 118 121 126 128 131 132 131 130 129 123 117 111 104 100 94 90 86 81 78 77 76 76 76 76 76 77 76 76 77 77 77 77 78 79 82 86 87 88 87 85 82 80 78 76 73 68 65 66 65 55 45 37 24 17 7 3 2 -9999 -9999 1 -9999 -9999 -9999 -9999 -9999 -9999 -9999 -9999 -9999 -9999 -9999 -9999 -9999 -9999 -9999 -9999
105 107 109 112 115 117 119 122 126 129 133 134 133 130 128 124 120 115 108 103 95 90 86 80 79 78 78 77 78 79 79 79 78 77 77 77 77 77 78 79 82 83 83 85 85 85 83 82 79 78 76 72 68 64 60 49 43 36 24 16 6 2 1 1 1 1 -9999 -9999 -9999 -9999 1 -9999 -9999 -9999 -9999 -9999 -9999 -9999 -9999 -9999 -9999 -9999
103 106 110 115 118 121 123 125 130 132 136 137 136 132 129 124 121 117 111 106 97 92 87 82 82 81 81 81 82 83 83 82 81 80 79 79 78 78 78 78 81 83 83 82 81 80 80 80 80 81 81 79 77 73 66 54 47 40 29 20 6 1 -9999 -9999 1 -9999 -9999 -9999 -9999 -9999 -9999 -9999 -9999 -9999 -9999 -9999 -9999 -9999 -9999 -9999 -9999 -9999
101 106 111 119 122 125 127 129 133 135 138 138 137 132 129 124 120 116 110 105 96 90 88 85 84 82 82 83 84 85 85 84 84 82 81 80 79 79 78 78 80 81 82 81 80 79 78 78 79 81 85 83 79 74 69 57 49 41 31 23 10 3 1 1 1 -9999 -9999 -9999 -9999 -9999 -9999 -9999 -9999 -9999 -9999 -9999 -9999 -9999 -9999 -9999 -9999 -9999
100 108 117 126 130 132 133 134 136 137 137 136 134 128 125 120 117 112 105 100 95 93 91 88 87 85 84 84 85 86 86 86 86 85 84 82 81 80 78 77 76 76 77 76 76 81 81 79 76 76 75 75 80 82 76 62 48 37 26 21 13 8 4 1 1 -9999 -9999 -9999 -9999 -9999 -9999 -9999 -9999 -9999 -9999 -9999 -9999 -9999 -9999 -9999 -9999 -9999
103 112 121 132 135 136 135 135 135 135 134 132 130 124 119 117 114 109 102 100 97 95 92 89 87 86 85 85 86 86 86 87 87 86 85 83 81 80 78 76 73 72 71 70 70 79 80 80 76 76 53 43 58 76 76 55 41 29 18 14 10 7 4 1 1 -9999 -9999 -9999 -9999 -9999 -9999 -9999 -9999 -9999 -9999 -9999 -9999 -9999 -9999 -9999 -9999 -9999
104 114 125 136 138 137 136 135 134 133 130 128 126 123 119 114 111 108 104 102 98 95 92 88 86 85 85 86 88 89 89 88 88 88 87 85 83 81 78 77 74 72 69 64 61 64 71 76 70 64 47 38 30 20 40 30 22 16 10 7 5 4 2 1 -9999 -9999 15 45 1 -9999 -9999 -9999 -9999 -9999 -9999 -9999 -9999 -9999 -9999 -9999 -9999 -9999
100 110 122 138 138 137 165 184 174 159 140 133 128 123 120 115 112 109 105 102 97 93 89 84 82 81 82 84 89 92 93 91 90 89 89 87 85 83 79 78 77 76 78 76 63 52 49 47 44 44 36 32 27 18 15 11 9 5 2 1 1 1 -9999 -9999 -9999 -9999 -9999 -9999 -9999 -9999 -9999 -9999 -9999 -9999 -9999 -9999 -9999 -9999 -9999 -9999 -9999 -9999
94 99 111 139 143 167 202 231 188 162 138 129 123 119 116 113 110 107 103 99 93 89 85 80 78 78 79 82 88 92 94 92 90 91 91 89 86 83 79 78 79 78 80 67 54 52 55 59 58 58 53 49 43 24 16 12 9 6 2 1 1 -9999 -9999 -9999 -9999 -9999 -9999 -9999 -9999 -9999 -9999 -9999 -9999 -9999 -9999 -9999 -9999 -9999 -9999 -9999 -9999 -9999
92 100 109 131 144 162 165 157 141 125 112 108 105 104 104 102 100 98 95 92 86 81 77 74 74 74 76 80 85 88 91 91 92 93 93 90 87 82 77 74 76 68 62 57 57 68 76 78 76 76 73 71 70 66 59 52 45 38 25 18 5 -9999 -9999 -9999 -9999 -9999 -9999 -9999 -9999 -9999 -9999 -9999 -9999 -9999 -9999 -9999 -9999 -9999 -9999 -9999 -9999 -9999
90 97 106 119 126 127 116 94 101 90 91 90 89 92 93 93 92 91 89 86 81 77 73 71 72 73 76 79 84 85 88 90 93 95 95 91 87 82 76 75 69 70 69 65 67 83 91 91 85 84 81 79 79 78 76 75 67 60 49 44 28 9 1 -9999 -9999 -9999 -9999 -9999 -9999 -9999 -9999 -9999 -9999 -9999 -9999 -9999 -9999 -9999 -9999 -9999 -9999 -9999
84 88 93 101 105 100 90 85 85 83 83 82 80 83 85 85 85 84 84 82 77 73 71 71 72 74 77 79 82 84 85 91 95 97 96 92 87 83 79 78 79 82 80 128 106 115 127 121 114 116 114 102 94 86 88 92 83 76 75 75 63 45 33 10 3 1 -9999 -9999 -9999 -9999 -9999 -9999 -9999 -9999 -9999 -9999 -9999 -9999 -9999 -9999 -9999 -9999
75 75 76 78 83 85 85 86 85 84 83 83 82 80 79 77 77 78 79 77 74 72 71 73 74 76 82 93 97 100 100 101 102 101 98 94 90 88 89 93 104 112 119 136 138 165 197 225 269 258 286 269 200 147 164 186 164 163 185 188 133 96 76 44 19 1 -9999 -9999 -9999 -9999 -9999 -9999 -9999 -9999 -9999 -9999 -9999 -9999 -9999 -9999 -9999 -9999
76 78 80 80 80 83 85 86 85 85 84 83 83 81 79 77 76 76 77 76 74 74 74 76 76 92 105 119 125 121 114 110 106 102 99 94 92 91 97 106 124 135 140 140 140 201 261 303 304 304 308 308 304 220 283 299 328 340 401 421 224 139 114 75 40 1 -9999 -9999 -9999 -9999 -9999 -9999 -9999 -9999 -9999 -9999 -9999 -9999 -9999 -9999 -9999 -9999
97 95 94 90 87 84 85 86 87 87 85 84 83 81 79 76 76 76 76 76 76 76 81 114 149 143 145 152 154 143 126 117 109 102 100 98 98 99 110 126 147 151 149 158 179 282 309 304 296 295 340 427 515 380 307 421 469 443 322 300 266 184 152 158 90 2 -9999 -9999 -9999 -9999 -9999 -9999 -9999 -9999 -9999 -9999 -9999 -9999 -9999 -9999 -9999 -9999
110 107 103 97 93 89 88 88 89 88 87 85 83 80 78 76 75 75 76 76 77 83 99 142 162 152 152 156 155 146 126 115 105 104 103 104 103 104 117 134 152 148 152 185 215 294 296 285 287 299 404 450 492 542 397 451 457 424 429 421 260 180 139 116 72 19 1 -9999 -9999 -9999 -9999 -9999 -9999 -9999 -9999 -9999 -9999 -9999 -9999 -9999 -9999 -9999
115 113 109 103 100 95 93 92 91 90 88 85 83 80 78 76 76 74 76 76 75 84 107 153 159 149 148 151 151 144 124 107 107 107 108 109 109 110 122 135 148 163 203 223 225 255 258 260 277 286 336 423 573 612 585 539 447 340 279 248 274 177 120 92 60 62 64 37 -9999 -9999 -9999 -9999 -9999 -9999 -9999 -9999 -9999 -9999 -9999 -9999 -9999 -9999
132 124 114 107 105 101 98 95 92 90 88 85 83 80 78 76 74 74 74 75 75 79 96 124 124 121 128 135 141 142 136 129 119 111 112 114 115 117 125 133 146 188 276 235 206 238 274 303 307 340 301 309 362 418 475 532 486 476 439 322 188 152 164 285 188 168 112 33 -9999 -9999 -9999 -9999 -9999 -9999 -9999 -9999 -9999 -9999 -9999 -9999 -9999 -9999
146 139 127 107 106 101 99 96 92 90 91 90 90 87 83 76 76 74 76 78 77 78 85 99 100 100 114 124 135 140 146 147 141 112 112 115 116 119 128 135 148 176 228 188 179 219 268 303 370 453 342 339 387 435 449 464 468 452 442 406 317 241 225 315 276 152 129 61 -9999 -9999 -9999 -9999 -9999 -9999 -9999 -9999 -9999 -9999 -9999 -9999 -9999 -9999
152 147 139 122 112 105 102 103 106 108 109 108 106 99 92 80 76 70 78 79 78 77 77 82 86 93 101 111 126 137 151 156 156 137 126 143 142 133 142 151 163 159 166 180 186 208 241 280 408 500 426 490 551 608 583 466 449 405 436 468 407 295 240 286 243 147 81 48 8 -9999 -9999 -9999 -9999 -9999 -9999 -9999 -9999 -9999 -9999 -9999 -9999 -9999
149 144 139 126 120 114 110 112 118 121 122 120 117 108 99 84 78 76 72 76 76 76 75 78 81 89 96 105 122 134 150 154 152 147 144 153 153 149 159 164 197 227 246 234 206 232 272 371 498 562 710 594 621 573 470 453 457 421 340 427 310 252 232 188 154 125 89 49 8 -9999 -9999 -9999 -9999 -9999 -9999 -9999 -9999 -9999 -9999 -9999 -9999 -9999
149 144 139 132 129 124 119 121 128 132 133 130 128 118 106 86 77 74 68 70 73 74 73 76 77 85 92 102 119 133 151 153 152 151 150 153 152 152 174 190 239 279 304 269 232 267 315 439 473 444 591 558 532 458 411 446 439 304 345 336 258 234 254 289 229 115 78 52 12 1 -9999 -9999 -9999 -9999 -9999 -9999 -9999 -9999 -9999 -9999 -9999 -9999
152 146 142 141 140 133 130 133 140 145 148 143 146 133 117 89 77 73 67 66 68 71 74 76 76 82 90 101 119 131 149 150 151 152 152 152 151 165 201 223 273 304 305 304 273 266 277 299 295 316 445 562 604 450 399 542 438 313 306 293 240 219 243 286 262 161 88 51 9 1 -9999 -9999 -9999 -9999 -9999 -9999 -9999 -9999 -9999 -9999 -9999 -9999
139 138 139 142 143 137 136 139 146 150 153 149 152 140 125 94 76 71 67 65 67 71 75 76 76 79 88 101 125 138 141 139 145 152 142 148 157 178 209 227 274 299 306 327 309 309 322 322 421 473 443 532 555 476 421 447 463 321 262 287 246 205 203 224 241 178 105 49 5 -9999 -9999 -9999 -9999 -9999 -9999 -9999 -9999 -9999 -9999 -9999 -9999 -9999
119 121 128 139 144 143 142 144 150 152 152 152 152 148 142 123 97 76 70 67 63 67 74 75 75 76 84 98 128 148 126 147 140 143 147 156 167 176 181 193 262 279 303 401 583 429 504 597 605 536 573 584 573 375 363 198 273 202 261 299 277 236 204 158 134 74 54 32 1 -9999 -9999 -9999 -9999 -9999 -9999 -9999 -9999 -9999 -9999 -9999 -9999 -9999
118 115 120 135 142 146 145 147 152 152 152 152 152 151 150 152 127 95 76 71 64 62 66 72 74 76 82 93 116 127 124 150 153 153 151 152 158 160 153 154 259 237 258 315 367 311 404 573 597 591 401 362 319 288 298 192 140 180 305 304 300 265 227 152 96 64 46 29 1 -9999 -9999 -9999 -9999 -9999 -9999 -9999 -9999 -9999 -9999 -9999 -9999 -9999
115 111 112 129 140 149 151 149 152 152 152 153 153 152 152 152 142 114 82 76 66 61 61 67 71 77 81 88 102 109 122 147 154 150 158 152 149 147 149 151 179 205 233 254 273 299 322 475 642 507 311 340 421 456 443 340 136 173 313 306 281 255 252 231 124 73 75 69 26 -9999 -9999 -9999 -9999 -9999 -9999 -9999 -9999 -9999 -9999 -9999 -9999 -9999
102 100 106 123 137 151 155 151 152 144 152 152 152 152 152 152 148 134 106 88 72 68 61 60 66 76 78 82 90 99 130 149 152 165 238 163 143 152 179 242 288 275 326 320 288 395 573 606 645 613 612 421 209 286 323 380 340 202 118 136 153 162 154 161 146 79 76 75 81 72 42 -9999 -9999 -9999 -9999 -9999 -9999 -9999 -9999 -9999 -9999 -9999
91 93 101 120 135 149 151 152 176 143 152 152 152 152 152 152 152 145 123 105 82 76 68 56 60 76 77 84 108 125 141 143 145 162 204 138 151 157 169 217 299 303 421 421 315 340 439 468 487 492 573 483 421 217 153 269 273 220 159 109 152 153 149 142 115 72 81 81 76 67 -9999 -9999 -9999 -9999 -9999 -9999 -9999 -9999 -9999 -9999 -9999 -9999
90 89 95 120 138 152 152 153 156 152 152 152 152 152 153 153 154 153 145 135 100 76 70 58 53 57 79 82 123 154 158 152 189 152 147 143 135 130 132 141 177 207 260 282 268 269 279 301 342 322 285 340 466 463 356 208 143 125 151 133 119 150 152 144 83 75 76 76 61 1 -9999 -9999 -9999 -9999 -9999 -9999 -9999 -9999 -9999 -9999 -9999 -9999
89 87 89 118 142 152 150 146 152 152 151 152 153 153 153 153 153 152 152 152 111 82 70 56 51 60 72 72 107 144 156 146 162 149 137 132 127 125 138 140 148 153 185 224 221 230 245 264 304 305 261 340 406 340 304 298 226 154 94 137 121 152 151 99 76 76 75 80 63 -9999 -9999 -9999 -9999 -9999 -9999 -9999 -9999 -9999 -9999 -9999 -9999 -9999
86 85 85 113 142 152 150 137 155 153 152 154 155 153 153 153 152 151 153 152 112 84 67 52 49 59 68 71 85 122 146 137 131 128 122 119 118 140 153 146 144 146 152 176 176 204 221 248 292 304 302 220 255 238 252 292 255 199 126 73 136 152 157 107 75 67 59 52 1 -9999 -9999 -9999 -9999 -9999 -9999 -9999 -9999 -9999 -9999 -9999 -9999 -9999
82 81 82 102 117 122 141 150 160 157 155 159 155 149 152 152 152 169 175 153 122 81 52 39 44 55 67 76 80 100 125 121 110 99 100 108 117 130 128 119 123 131 142 150 159 184 211 246 284 270 260 232 172 118 134 94 134 114 152 166 76 87 153 165 150 52 19 6 -9999 -9999 -9999 -9999 -9999 -9999 -9999 -9999 -9999 -9999 -9999 -9999 -9999 -9999
83 86 79 91 101 122 163 214 191 168 151 156 143 149 150 152 185 217 241 237 223 165 75 36 41 54 67 79 81 91 107 107 97 91 95 104 111 117 115 120 119 123 137 149 146 162 198 266 302 207 176 182 155 86 76 101 94 60 94 116 74 117 161 104 138 27 1 -9999 -9999 -9999 -9999 -9999 -9999 -9999 -9999 -9999 -9999 -9999 -9999 -9999 -9999 -9999
152 161 149 78 90 126 210 273 219 179 129 150 162 171 186 232 262 289 309 304 311 281 144 41 43 50 57 62 75 76 81 84 87 86 90 97 101 106 120 123 110 109 128 158 160 129 123 214 247 173 123 78 79 115 156 188 300 195 140 95 36 53 79 36 19 -9999 -9999 -9999 -9999 -9999 -9999 -9999 -9999 -9999 -9999 -9999 -9999 -9999 -9999 -9999 -9999 -9999
149 152 139 89 76 121 183 219 192 172 122 150 170 197 217 246 263 280 304 309 315 268 151 36 44 52 61 67 78 76 74 76 82 85 84 92 97 107 121 118 104 119 176 266 232 156 136 114 140 150 126 112 152 229 322 339 302 243 178 161 79 43 19 6 1 -9999 -9999 -9999 -9999 -9999 -9999 -9999 -9999 -9999 -9999 -9999 -9999 -9999 -9999 -9999 -9999 -9999
