Week 7/1_MaxEnt/input/MAP_ready.asc
ncols        950
nrows        550
xllcorner    -14.000000000000
yllcorner    49.000000000000
cellsize     0.020000000000
NODATA_value  -9999
[rows 350 to 384 of 550, columns 560 to 639 of 950]
762 758 760 760 768 768 767 757 757 757 747 747 741 739 739 747 752 752 766 766 768 776 776 790 790 791 807 802 802 795 795 808 808 853 853 878 878 893 893 879 863 883 883 866 893 893 893 887 887 816 822 822 837 837 837 807 798 798 799 799 796 796 756 756 742 726 729 729 728 728 733 733 708 686 686 680 690 690 684 662
756 756 756 756 766 766 770 770 757 761 743 743 739 739 743 743 752 752 772 772 773 773 784 784 772 772 797 797 797 797 779 779 808 867 867 857 857 857 872 863 863 883 885 854 854 837 837 813 793 818 818 832 832 824 824 807 798 771 771 784 784 766 750 750 726 726 726 713 733 733 714 714 689 685 667 667 685 685 673 673
756 756 757 757 757 758 758 767 761 761 743 740 740 735 744 744 778 754 767 767 767 773 800 800 772 772 788 788 798 798 773 773 814 814 867 869 850 850 842 846 846 824 835 835 827 802 802 793 793 793 817 808 808 798 798 771 771 771 771 763 763 751 751 727 727 726 702 705 717 717 717 699 699 685 667 664 673 673 673 653
760 754 754 757 755 747 747 748 748 754 738 735 735 723 741 741 741 754 754 786 786 792 770 770 770 774 774 788 788 788 771 771 771 813 839 839 854 854 832 832 824 824 835 808 795 795 775 775 794 794 817 808 781 781 769 769 753 761 733 738 738 738 737 716 716 702 702 705 687 699 699 696 696 690 690 664 664 673 654 640
750 750 745 742 742 734 734 734 735 738 738 735 722 722 722 733 733 745 745 786 786 780 780 765 765 760 760 751 751 769 769 758 758 790 839 839 824 836 836 830 810 810 808 808 808 778 762 762 779 779 793 757 752 752 746 746 737 737 733 733 721 721 725 710 710 710 692 692 687 699 674 673 673 672 672 658 644 638 638 638
744 744 745 745 742 724 722 722 724 726 726 726 722 722 721 735 735 738 738 738 757 757 761 760 760 744 744 744 751 748 748 756 756 777 777 824 824 836 796 811 811 802 802 792 797 787 762 762 762 750 750 757 752 733 726 726 726 725 720 720 721 721 703 703 697 697 683 683 676 670 661 661 656 656 649 644 644 638 638 643
741 741 741 739 724 724 722 725 736 736 716 716 711 703 717 717 740 740 752 752 757 757 744 744 749 749 732 732 739 748 748 738 755 755 748 790 790 761 761 761 789 804 804 797 797 787 788 767 767 746 746 733 733 733 733 719 719 711 711 711 711 694 694 686 679 679 675 675 670 670 661 655 648 648 643 643 639 639 643 643
741 730 730 722 722 715 717 732 732 750 709 709 703 703 703 713 722 722 729 729 740 740 740 744 733 733 738 738 736 736 732 732 751 751 742 742 758 758 761 741 762 774 774 774 778 778 788 767 771 766 766 766 751 731 737 716 716 704 704 698 698 694 694 686 686 679 679 670 670 669 655 655 648 658 658 642 636 636 642 642
738 730 730 731 731 717 717 732 705 705 705 698 698 695 695 713 713 701 701 708 708 718 718 722 742 742 742 745 745 731 732 732 733 733 733 747 759 759 741 741 762 751 756 756 771 771 782 757 761 761 765 765 768 737 737 737 713 713 699 691 691 696 696 686 686 679 697 677 677 667 667 672 676 664 664 646 640 640 640 642
738 739 734 734 737 702 702 702 705 705 692 691 691 688 688 703 690 691 691 697 697 706 706 722 722 728 728 740 740 725 725 724 724 733 725 730 748 748 748 734 730 739 744 744 754 754 754 757 761 745 751 751 755 755 735 735 713 713 696 696 717 717 709 709 726 706 706 685 685 685 668 676 676 664 658 643 643 637 637 642
739 739 734 723 704 704 693 693 692 686 686 686 683 683 685 685 690 691 685 687 687 687 699 699 711 728 728 733 733 733 724 728 728 721 721 731 731 727 727 730 730 739 732 735 735 739 739 734 745 745 745 732 732 736 711 711 696 691 691 699 719 719 707 707 726 726 707 707 693 693 678 671 671 671 658 658 645 629 629 631
736 736 728 717 717 697 687 687 686 686 686 679 676 676 681 681 680 680 685 685 687 687 689 689 707 707 716 716 715 715 732 736 736 736 721 714 734 767 767 761 761 761 732 735 719 726 726 719 719 727 706 712 712 702 702 692 692 691 691 699 708 708 722 722 722 733 707 707 693 698 683 683 667 667 659 679 650 650 633 633
719 728 728 717 702 697 697 686 686 685 685 679 676 672 672 671 671 671 681 684 703 703 692 692 692 709 716 716 711 711 721 721 724 724 714 714 734 747 793 793 774 774 755 719 719 719 708 708 707 706 706 700 700 700 690 700 700 697 697 699 699 704 704 714 714 720 712 709 709 703 703 693 698 698 679 679 679 679 641 641
715 712 712 702 702 693 711 684 684 679 679 680 680 676 676 672 672 673 673 684 707 724 724 703 703 709 714 714 714 712 712 708 715 715 717 722 722 758 796 796 780 780 755 755 734 734 713 713 703 703 696 696 700 700 685 697 697 697 699 699 694 692 692 694 694 701 701 709 709 703 704 705 705 720 720 699 699 679 641 644
723 723 703 703 691 691 688 677 677 677 676 676 680 697 697 686 686 686 696 707 707 724 714 709 709 710 710 713 718 716 716 713 713 712 712 722 722 756 767 767 767 786 786 782 734 734 717 717 717 699 695 695 682 682 683 683 689 689 692 692 694 694 682 682 689 689 688 700 700 704 704 704 700 725 725 716 716 700 700 644
743 722 707 707 691 691 680 680 689 689 699 699 702 702 697 737 732 732 723 720 720 700 704 704 699 699 718 718 718 716 714 714 706 713 713 722 722 756 756 754 754 777 777 770 770 728 728 713 713 701 690 690 690 682 678 680 682 682 684 684 683 683 682 682 679 679 688 688 689 689 698 698 700 725 707 707 703 703 685 649
758 736 709 709 709 689 689 680 709 709 736 736 736 761 751 751 743 743 721 721 700 700 704 687 696 696 715 715 723 723 714 714 705 714 714 714 726 726 734 736 736 750 750 750 745 728 728 711 711 702 702 692 692 678 678 680 680 692 692 680 680 686 686 686 679 679 678 677 679 679 697 697 702 688 687 687 678 678 661 661
758 726 726 715 715 690 690 687 687 681 681 706 706 750 751 751 720 706 706 696 685 685 687 687 687 691 691 713 721 721 713 708 707 707 721 721 737 737 734 734 733 733 740 740 732 716 716 716 711 703 702 702 702 677 677 678 678 692 692 673 673 680 680 687 687 672 672 670 677 677 677 688 688 688 687 664 655 655 644 644
750 750 737 722 722 703 703 703 687 691 691 698 698 714 714 720 720 706 698 684 684 679 679 683 682 691 691 715 715 713 713 708 708 714 739 739 747 747 747 740 733 733 734 734 731 731 707 707 703 703 702 704 690 690 676 676 678 675 678 671 671 671 671 682 682 672 672 662 662 675 675 680 680 674 674 664 664 652 652 644
750 750 754 754 746 746 727 727 712 691 691 739 733 733 738 708 708 677 677 677 677 676 676 682 682 691 696 720 720 712 712 709 709 714 714 731 731 735 735 736 730 730 730 734 737 721 711 711 709 709 722 705 681 681 672 672 683 683 678 678 663 663 664 667 667 667 664 664 662 667 667 670 670 670 670 663 654 649 649 638
825 758 758 754 793 793 738 738 724 724 774 774 752 752 757 757 710 710 677 668 676 671 671 671 679 679 696 696 702 708 708 714 714 714 724 731 731 720 720 725 725 723 723 749 749 731 731 726 726 722 722 705 674 674 674 669 669 683 680 680 663 663 657 657 659 659 659 659 654 654 661 661 663 663 658 654 654 649 640 640
831 797 797 821 821 778 778 750 750 766 774 774 720 720 720 720 696 696 668 668 676 669 670 670 678 678 701 701 702 702 710 710 725 725 728 718 716 716 715 715 711 721 721 749 749 734 723 717 717 712 712 698 698 674 669 667 667 683 686 686 686 699 699 661 656 656 659 659 659 654 662 662 658 658 646 646 638 638 640 640
838 858 858 858 821 799 799 788 788 765 765 736 736 720 732 699 690 690 690 668 668 669 670 677 681 681 681 691 691 682 707 707 738 738 731 731 716 716 713 713 710 710 719 719 734 734 723 706 706 706 699 699 686 672 672 663 663 677 677 698 698 699 699 676 676 654 654 655 655 657 662 662 651 651 651 642 632 632 626 634
856 856 828 828 790 799 799 784 754 754 767 739 739 732 732 699 710 683 683 676 676 669 681 682 682 678 678 689 689 682 682 698 698 741 741 737 718 718 713 713 716 715 710 710 708 708 698 698 690 690 683 683 681 681 672 662 665 665 679 698 698 700 700 700 676 653 653 650 650 650 650 655 655 645 645 639 631 631 631 634
797 797 800 800 799 799 784 784 754 780 794 794 777 777 767 766 705 684 684 665 665 665 681 682 706 680 680 684 684 684 678 698 698 724 724 732 732 720 720 723 723 718 702 702 702 688 688 698 679 679 677 677 668 668 662 662 665 665 679 679 685 685 688 688 668 651 651 651 647 647 647 655 655 649 649 636 636 637 637 642
797 797 816 807 807 764 748 748 904 904 904 813 765 765 766 766 705 707 688 688 665 665 683 706 706 706 686 686 679 679 675 688 686 686 708 708 727 744 744 723 723 724 724 707 707 691 691 680 680 679 682 675 675 666 660 660 673 673 673 684 685 685 684 684 668 668 648 648 648 648 651 657 657 657 649 653 638 649 649 651
798 792 792 756 756 748 748 796 796 904 949 798 747 747 747 743 743 707 688 686 663 663 701 701 715 729 683 683 672 672 676 676 686 686 699 699 704 736 736 736 741 741 724 702 702 688 688 688 690 679 679 669 669 669 669 661 661 673 677 688 684 684 684 669 669 658 648 648 650 650 650 650 652 652 650 650 647 647 650 650
850 792 792 751 751 751 782 830 830 949 949 798 781 734 734 734 734 696 706 680 680 673 673 704 729 729 683 683 683 665 665 681 679 679 699 699 706 706 743 743 734 734 707 707 697 697 693 693 690 679 679 680 673 673 667 664 664 677 677 688 679 676 676 663 663 648 648 641 641 641 641 649 653 653 650 650 648 647 645 645
784 784 745 745 751 803 796 811 811 811 875 831 777 733 733 735 735 735 706 680 693 669 669 712 712 692 692 683 683 671 671 688 688 701 701 760 760 726 734 734 718 718 718 707 704 704 693 693 689 689 680 680 673 674 662 661 661 661 679 678 667 658 658 650 650 639 639 641 641 631 631 640 640 642 642 648 648 647 643 643
782 759 759 759 770 770 758 758 801 801 831 831 777 784 724 724 730 730 716 693 693 669 670 670 715 675 675 669 665 671 671 671 681 714 714 760 760 749 749 737 737 719 719 704 704 704 705 697 697 693 685 685 672 672 659 659 661 661 678 678 667 655 648 648 639 639 638 631 631 631 631 628 629 641 641 643 643 636 636 638
769 743 743 749 749 770 737 763 899 899 896 896 896 784 724 726 722 722 703 703 698 701 672 672 674 659 659 659 665 665 672 672 686 703 703 703 740 740 749 732 732 720 720 714 714 703 703 694 694 687 687 678 678 672 664 658 662 662 665 665 665 655 648 639 630 630 627 627 632 632 623 623 627 627 627 627 630 630 636 628
795 795 766 737 737 737 737 763 773 863 863 813 813 758 709 709 709 717 717 702 701 701 672 683 652 652 657 657 656 656 672 672 685 685 703 703 716 716 738 720 720 720 703 703 722 703 703 691 691 691 684 678 678 664 664 658 662 660 660 658 658 642 627 627 627 624 624 621 623 623 623 623 632 632 627 627 630 630 629 628
795 841 802 721 721 721 724 715 728 748 748 725 725 719 719 709 703 733 733 730 730 710 710 683 683 650 658 658 664 664 664 665 665 674 689 689 695 695 738 738 703 703 689 689 701 701 701 701 691 685 683 675 675 661 661 663 662 652 652 640 640 633 633 627 619 621 621 625 631 631 631 630 630 632 634 634 634 634 630 630
822 822 750 750 715 715 715 715 728 700 709 709 701 701 691 703 703 733 721 721 725 700 700 681 667 645 645 658 658 658 658 665 665 662 662 675 675 679 679 709 703 703 681 681 681 685 698 698 673 673 673 673 666 666 663 663 662 642 642 642 634 634 624 619 619 621 622 621 621 628 628 633 633 621 621 622 622 620 620 637
832 822 760 723 710 710 704 704 704 700 709 690 682 682 680 680 697 709 688 688 716 692 692 692 667 667 654 664 664 655 655 656 656 656 662 663 663 675 675 697 697 689 689 665 665 670 690 690 690 673 656 654 652 652 656 656 656 656 642 634 624 624 618 618 621 615 615 615 612 608 608 618 618 621 621 614 614 621 621 647
