Week 7/1_MaxEnt/input/MAP_ready.asc
ncols        950
nrows        550
xllcorner    -14.000000000000
yllcorner    49.000000000000
cellsize     0.020000000000
NODATA_value  -9999
[rows 490 to 524 of 550, columns 800 to 879 of 950]
662 668 671 671 671 667 667 657 657 654 659 659 664 664 676 676 679 679 679 679 681 681 685 692 692 691 691 696 696 693 693 691 691 689 684 684 675 675 674 667 667 670 670 673 673 673 673 671 671 669 667 667 661 661 663 672 675 672 672 671 671 673 673 672 677 674 687 687 695 695 698 698 709 709 712 712 721 739 739 746
668 668 671 676 676 678 678 670 670 662 662 657 657 664 664 659 666 666 675 675 682 682 685 687 687 689 689 691 691 693 693 691 691 689 682 682 679 679 675 675 671 671 673 673 673 673 674 672 672 667 667 667 660 660 673 673 674 674 672 672 665 672 672 677 677 674 687 690 702 702 703 703 714 714 712 712 725 739 739 749
669 669 676 676 676 676 679 679 678 678 671 666 666 674 674 662 662 662 670 670 684 684 685 685 687 684 686 686 689 692 692 690 690 687 682 682 684 684 676 676 672 672 673 673 673 674 674 672 672 670 670 668 668 665 665 673 674 669 665 665 673 681 681 682 682 680 680 690 690 706 706 705 714 714 709 709 728 739 737 750
666 666 672 672 671 671 677 677 683 683 679 679 679 674 674 662 666 676 676 671 671 668 668 673 684 684 686 681 684 686 686 685 685 684 684 676 676 677 677 679 674 674 673 673 673 674 674 676 676 673 673 671 671 670 670 671 669 669 665 667 676 676 685 685 685 685 689 696 701 707 707 711 714 714 717 717 723 723 737 737
657 662 662 669 669 671 677 669 680 680 680 683 683 679 679 679 666 676 673 677 677 664 664 671 676 676 683 683 684 684 684 684 683 683 681 676 676 676 676 680 676 676 676 676 673 673 675 675 676 676 675 672 672 675 675 673 674 674 670 670 670 670 678 678 687 687 692 701 701 707 706 712 712 713 713 723 723 718 735 735
666 666 666 669 669 665 669 669 680 678 672 672 683 683 681 681 677 681 681 678 678 670 670 676 676 680 680 683 681 681 683 683 681 681 676 672 672 676 676 680 672 672 672 678 678 676 675 675 678 678 678 679 679 677 677 673 673 674 674 670 681 670 685 685 692 692 694 701 701 706 706 712 712 713 713 718 718 727 733 733
663 661 661 663 663 657 657 664 656 663 663 667 681 681 684 684 685 681 681 678 678 672 672 677 677 680 680 681 681 681 681 681 668 668 673 673 675 675 675 675 673 672 672 675 675 677 677 677 678 678 680 680 680 680 680 680 678 682 682 681 681 670 685 690 693 693 699 699 706 706 709 709 712 715 715 717 717 729 737 737
653 653 657 657 653 653 649 656 656 663 658 659 670 670 677 677 679 679 677 677 678 668 665 665 675 676 676 675 675 672 670 670 660 660 679 679 682 682 675 675 673 681 681 677 677 678 678 677 677 674 674 680 680 677 681 681 679 682 682 676 676 689 689 694 694 694 694 699 704 704 709 709 712 715 722 719 719 730 730 736
651 637 652 652 642 642 644 653 653 658 658 659 669 671 671 674 674 677 679 679 670 670 662 662 667 667 667 668 668 672 672 660 660 661 661 676 680 680 682 682 681 681 681 676 676 682 682 675 675 668 668 678 675 675 676 676 680 676 676 676 675 675 689 694 687 696 696 698 701 701 704 704 712 712 722 722 717 717 727 732
636 637 652 637 647 647 654 654 667 667 674 665 672 672 672 674 674 674 674 674 670 670 652 652 660 660 663 663 664 664 665 660 660 661 656 665 670 670 677 677 682 682 672 672 679 679 678 670 670 675 675 678 675 675 679 679 680 680 677 677 676 676 681 687 687 696 687 694 699 699 708 708 716 716 714 715 722 722 728 732
656 654 634 634 644 644 644 657 660 660 665 665 672 672 672 671 671 669 669 665 658 658 652 652 660 665 663 663 661 661 653 653 650 656 656 660 660 667 674 674 669 669 672 672 679 669 668 668 661 678 678 681 681 680 680 679 680 680 680 680 679 673 673 673 685 685 685 692 692 695 695 702 702 706 715 715 722 722 728 729
658 654 654 634 644 644 638 645 645 646 649 649 656 656 665 665 665 668 668 658 658 646 655 655 665 665 662 652 649 649 650 650 646 646 660 656 656 661 661 661 654 654 658 658 658 669 654 654 665 665 671 674 674 674 674 670 664 673 678 678 681 681 678 678 679 679 685 682 693 692 692 694 694 701 712 712 722 722 716 716
656 647 647 647 647 638 638 640 640 639 639 647 648 648 655 655 665 655 663 654 654 644 644 664 662 662 647 651 651 652 650 650 660 660 660 656 643 647 647 644 644 652 651 651 651 653 653 649 658 658 661 661 660 672 672 664 664 671 671 672 672 672 678 678 685 685 682 682 684 684 683 692 692 698 698 703 715 715 692 692
656 656 649 660 660 647 647 647 647 640 640 640 640 643 645 645 655 647 653 653 646 647 647 654 654 647 647 640 640 649 649 657 652 652 648 648 643 649 649 647 647 653 653 651 651 643 643 643 643 646 653 653 652 652 658 666 666 671 667 663 660 660 667 667 667 676 681 681 684 674 672 672 685 691 691 704 704 703 692 700
656 656 652 652 666 659 659 659 660 660 651 636 636 635 635 645 647 647 645 645 642 638 638 636 636 634 634 640 641 644 644 644 644 634 636 636 644 644 650 649 649 650 650 650 650 647 647 643 639 646 646 650 658 658 660 660 663 667 667 653 653 657 664 664 664 669 669 672 674 667 672 672 683 683 688 693 693 690 690 700
657 657 656 656 665 665 662 662 660 661 653 653 641 638 638 633 633 642 645 642 640 640 636 637 637 645 645 645 641 650 650 646 646 642 642 647 648 648 649 649 647 647 647 645 645 645 643 639 639 648 648 650 654 654 657 657 658 658 655 659 659 664 664 665 665 657 657 664 664 667 671 671 668 668 677 681 681 687 687 703
667 667 663 663 668 668 667 667 661 661 648 648 642 652 652 644 644 634 634 642 649 649 648 648 646 659 659 659 655 655 652 653 653 652 652 651 651 650 649 650 648 648 646 644 644 644 642 642 647 648 647 647 647 649 654 654 653 653 655 655 661 658 658 659 659 659 653 666 666 666 666 671 668 668 677 677 674 688 688 701
667 670 670 669 670 670 667 667 667 660 648 641 654 654 657 646 646 638 638 642 639 658 659 659 657 657 658 658 655 655 651 651 652 652 652 652 652 651 651 650 648 648 647 647 647 647 638 638 646 646 646 647 647 647 647 649 650 650 660 660 661 661 658 659 659 659 653 656 656 658 658 664 664 661 664 664 674 678 679 694
673 670 675 672 672 669 668 668 668 652 652 646 662 662 657 657 658 652 652 639 639 646 646 652 653 653 655 655 655 651 651 651 651 651 652 652 652 656 656 648 648 649 648 648 647 647 640 640 645 645 646 646 647 647 647 649 647 649 651 651 657 657 650 651 651 651 653 656 659 658 658 649 649 654 654 661 678 678 673 673
679 679 680 672 672 667 667 658 658 649 649 646 663 666 662 662 653 653 652 641 641 646 643 648 648 650 651 651 651 652 652 653 652 652 652 652 650 650 650 653 653 649 648 648 647 647 647 639 639 639 642 642 645 645 646 647 647 646 646 648 644 644 644 644 651 651 656 656 652 652 651 646 646 646 646 659 668 668 675 675
687 687 680 676 676 677 677 662 662 650 650 663 663 668 668 664 659 659 651 651 656 643 647 649 649 656 656 656 656 654 654 653 653 652 652 652 650 649 647 646 646 647 647 645 643 643 643 637 637 638 641 641 640 640 643 645 645 646 643 641 641 645 646 646 651 651 651 652 652 640 642 642 642 655 655 662 662 668 675 663
679 679 676 676 664 664 663 646 646 646 674 671 671 671 671 662 662 651 654 654 661 661 647 649 649 656 656 656 656 654 654 654 654 653 652 652 649 649 647 647 645 644 644 643 643 642 642 637 639 635 635 635 639 639 641 641 643 643 643 634 634 643 643 646 650 650 650 649 640 633 636 636 645 645 656 652 652 662 662 663
688 672 665 665 664 663 652 656 656 656 664 664 674 671 671 662 662 651 651 663 658 658 649 649 642 653 653 656 656 656 656 654 654 653 653 653 650 650 647 647 645 645 643 642 642 640 640 640 639 634 634 632 632 635 635 635 637 637 638 634 634 635 635 639 641 641 641 642 642 633 641 641 650 650 648 648 648 649 649 655
682 690 690 669 663 663 652 652 656 656 670 670 677 677 667 657 657 648 648 663 666 660 655 655 641 641 651 656 656 651 653 653 653 652 652 652 652 648 647 646 647 647 646 646 643 637 637 637 635 634 633 628 628 630 630 632 632 632 633 633 630 630 630 637 637 634 634 627 627 632 632 636 640 640 641 641 638 644 644 656
682 687 687 677 677 680 658 658 660 660 660 679 676 676 668 668 659 656 656 666 670 661 661 654 651 651 645 645 651 651 650 650 652 652 651 649 649 646 646 646 646 646 644 644 643 638 638 638 632 632 635 630 630 630 630 631 631 630 630 630 630 631 627 634 634 631 631 631 626 630 630 636 624 625 622 622 625 625 640 656
691 691 685 690 690 686 686 662 664 664 664 679 679 669 666 666 654 654 666 670 670 662 662 659 659 651 645 645 649 649 650 649 647 647 648 648 646 645 645 644 644 642 644 644 645 645 635 635 632 632 635 637 636 638 638 636 636 640 637 637 631 631 629 629 621 623 623 623 620 620 621 624 616 620 620 621 621 621 626 626
690 690 685 687 686 678 678 667 667 668 668 679 673 660 660 657 655 655 675 675 670 662 662 657 657 648 652 652 654 654 654 654 647 647 648 648 647 647 644 642 642 640 640 642 643 643 637 637 637 638 637 637 632 632 634 650 650 638 638 631 633 633 625 625 618 618 616 616 612 612 615 616 616 623 623 616 616 621 626 626
690 690 687 682 675 674 674 677 677 677 677 673 673 660 660 653 653 657 664 664 669 669 662 655 655 649 649 649 653 653 653 654 651 647 649 649 647 647 644 641 641 640 641 641 641 631 633 633 633 635 635 630 632 637 639 639 645 638 638 629 629 630 625 614 611 611 610 610 621 621 620 620 616 623 621 614 614 617 622 622
691 689 682 682 685 685 681 684 684 680 680 680 673 660 657 654 654 659 659 662 671 671 665 665 660 651 651 647 647 649 649 651 651 651 651 653 648 648 643 643 641 641 641 642 642 636 636 625 625 627 627 629 637 651 652 652 638 638 624 624 624 619 619 614 613 613 612 612 612 624 624 624 614 614 621 616 616 613 613 624
692 689 689 685 685 685 686 686 687 684 684 684 671 671 658 670 670 664 664 661 672 672 665 665 662 662 652 647 647 646 646 646 647 651 651 650 650 641 640 640 640 640 641 642 642 641 641 629 629 628 628 648 648 651 625 625 617 617 614 614 612 611 611 616 616 624 629 629 629 636 636 635 633 633 627 627 616 613 613 624
690 686 686 686 686 684 686 686 682 682 682 682 670 670 658 668 675 671 671 665 665 669 665 665 662 661 653 653 649 648 648 648 648 648 648 643 643 635 635 646 639 639 637 637 633 642 642 638 638 638 626 640 640 637 637 615 611 611 608 608 611 615 615 622 622 624 624 629 629 636 636 659 656 656 633 633 618 618 618 620
686 686 679 683 683 684 682 680 680 680 680 680 680 673 668 668 671 671 669 668 668 665 665 664 661 662 656 656 650 650 649 649 648 648 648 642 642 641 641 655 655 650 639 639 633 643 629 618 618 618 617 617 618 619 619 615 615 611 608 608 611 611 615 626 626 631 631 654 654 666 666 659 664 647 630 630 617 617 616 622
676 676 678 678 681 682 682 679 679 676 678 678 678 681 681 677 669 669 669 669 665 664 664 664 664 662 659 659 654 654 656 656 655 655 647 647 637 639 639 659 659 671 671 659 643 643 629 629 618 618 617 619 618 618 615 617 617 615 615 609 611 611 611 611 627 640 640 648 648 648 661 664 656 625 625 621 628 628 612 612
675 675 678 678 679 678 678 679 675 672 672 671 671 675 675 679 679 670 668 668 664 664 661 662 662 659 659 654 649 649 650 650 650 651 648 648 637 637 639 659 659 653 653 664 649 649 627 627 616 616 619 619 625 625 632 623 623 617 617 615 615 612 609 609 616 616 630 644 644 644 649 649 656 614 614 635 635 626 609 609
657 667 671 671 673 673 671 675 669 671 671 669 669 669 669 671 671 670 678 678 665 665 668 668 662 657 657 654 654 649 650 650 645 642 642 650 640 640 632 632 637 653 627 642 642 623 616 616 619 619 619 620 625 649 650 650 635 629 629 616 616 620 609 631 610 610 617 617 622 622 623 623 627 614 607 619 619 614 614 620
