Week 7/1_MaxEnt/input/MAP_ready.asc
ncols        950
nrows        550
xllcorner    -14.000000000000
yllcorner    49.000000000000
cellsize     0.020000000000
NODATA_value  -9999
[rows 420 to 454 of 550, columns 640 to 719 of 950]
660 659 659 659 659 688 688 713 730 730 721 721 721 701 701 707 698 698 698 698 690 669 656 656 665 674 674 674 674 668 666 662 662 652 652 645 648 648 652 652 641 640 647 647 642 642 643 636 644 644 649 649 649 625 625 614 614 611 611 616 616 609 609 613 613 610 609 605 607 607 607 604 605 605 605 605 605 605 599 599
667 667 665 671 671 688 688 730 730 723 723 713 713 694 676 676 686 686 686 684 669 669 656 666 660 660 678 678 672 672 666 662 659 646 646 637 637 638 638 631 631 638 645 645 636 636 636 636 644 641 656 656 643 622 622 622 612 612 611 610 610 605 605 606 606 605 603 600 600 602 602 603 605 605 605 605 593 590 592 592
689 689 668 677 677 677 725 725 729 716 716 705 705 694 694 692 692 674 674 675 670 670 666 666 660 667 668 668 666 666 661 656 656 656 640 640 637 632 632 631 631 631 631 634 634 632 632 633 641 641 656 642 629 629 623 623 616 616 605 603 603 603 603 603 602 602 603 600 601 601 601 603 603 599 599 593 593 590 595 595
705 705 680 680 700 700 725 725 715 706 706 706 700 700 688 692 692 695 695 684 684 684 684 663 668 662 658 658 657 657 654 654 656 644 635 635 637 631 631 631 629 629 631 630 630 630 630 632 632 637 628 629 629 627 620 620 613 613 605 605 601 601 602 602 602 602 602 601 601 601 601 601 603 603 603 595 595 590 590 595
729 717 717 691 717 717 717 717 715 715 703 703 705 705 693 691 688 688 692 692 686 678 678 668 668 662 663 657 657 653 653 647 644 644 635 635 631 631 628 628 627 627 625 626 626 625 625 625 624 628 628 629 623 620 616 616 616 611 611 605 601 601 603 603 603 603 601 601 601 601 601 601 608 603 603 599 599 599 594 600
721 717 717 704 704 707 707 707 707 703 707 707 703 703 693 693 688 688 691 691 687 681 681 672 672 672 663 657 663 653 653 646 646 641 640 633 633 627 628 628 627 627 625 625 621 621 621 621 620 626 626 623 623 620 617 614 614 610 610 606 604 604 604 603 621 611 611 610 602 602 600 603 604 604 603 603 604 604 604 600
713 712 710 710 702 695 695 699 699 703 703 703 703 700 700 695 694 694 691 691 696 696 692 692 682 682 674 670 670 656 656 656 647 640 640 633 633 628 628 628 628 627 627 626 621 621 625 625 627 627 622 622 619 619 617 614 623 614 614 619 619 624 624 632 632 625 625 622 607 607 607 603 603 605 604 604 602 602 604 604
710 710 710 710 701 707 707 713 713 713 700 703 703 710 710 703 701 701 701 715 715 706 704 704 700 700 695 695 670 685 669 669 648 642 642 633 633 628 628 628 628 625 625 623 631 631 625 625 625 635 628 628 631 631 626 636 638 638 620 620 622 626 626 632 632 624 624 621 621 613 613 607 607 605 604 611 -9999 -9999 -9999 -9999
711 711 711 711 701 701 711 711 706 706 705 714 720 714 714 718 718 715 715 715 715 722 717 717 717 708 708 701 685 685 669 674 649 649 641 641 632 632 627 628 628 626 626 624 624 635 635 638 638 633 632 632 641 641 636 636 638 638 627 627 632 635 635 635 627 627 624 626 630 623 623 620 620 619 634 619 619 617 617 616
723 723 723 709 709 728 722 722 712 712 713 713 720 720 726 726 730 728 728 731 731 722 722 732 732 718 718 701 688 688 674 674 674 652 642 642 638 638 629 629 631 631 628 628 628 639 639 638 638 633 637 635 635 642 642 662 638 638 627 627 643 643 650 650 640 640 637 637 640 633 633 633 621 621 634 619 638 635 635 636
716 718 718 718 718 728 722 729 729 722 722 723 720 720 726 726 741 741 737 737 741 741 739 732 732 720 720 704 704 689 689 671 676 657 643 643 635 635 631 631 631 631 635 635 636 636 636 636 636 636 637 635 641 646 646 651 651 637 653 649 649 647 651 651 638 638 637 637 651 651 641 641 639 639 638 638 638 635 650 650
727 736 736 741 741 740 740 729 729 731 731 733 735 735 736 736 736 741 753 753 761 761 762 762 745 745 720 720 706 691 691 676 676 657 659 645 645 644 644 636 632 632 635 635 643 643 642 642 643 643 647 654 654 652 652 652 660 653 653 649 649 665 657 657 657 647 647 651 651 651 650 650 667 667 659 659 653 671 667 667
727 738 741 741 743 743 738 734 734 731 731 746 746 740 740 743 743 762 761 761 759 759 766 766 745 745 719 719 700 683 683 683 673 673 659 645 649 653 653 638 638 642 642 654 654 652 651 651 658 658 662 662 654 673 666 666 679 670 670 664 664 665 665 667 667 672 672 670 670 665 677 677 677 681 681 673 671 671 667 679
739 738 741 744 740 740 740 740 738 738 751 751 754 761 761 766 766 762 762 770 770 765 765 767 751 751 719 719 703 703 685 685 674 674 659 652 652 647 647 647 648 653 653 654 654 664 670 670 670 684 684 681 673 673 666 686 695 695 691 691 685 695 696 693 693 690 690 674 674 665 665 691 691 694 694 693 693 693 679 679
760 747 755 755 746 746 744 744 747 747 751 751 761 763 763 763 774 774 777 770 770 773 773 768 768 754 754 725 725 707 689 689 675 675 659 659 652 656 652 652 645 651 651 657 657 664 664 694 694 701 701 691 685 685 695 695 695 703 706 706 695 695 696 693 705 705 691 691 664 664 679 691 691 694 682 683 683 663 663 652
780 770 770 755 766 758 758 757 755 755 763 763 761 761 773 773 776 776 780 780 787 784 784 784 778 752 752 725 725 706 706 688 688 673 673 664 656 656 652 661 656 656 652 652 668 668 696 704 704 701 701 700 700 698 698 695 706 712 719 719 719 719 710 710 705 705 668 668 662 662 672 683 689 689 671 671 672 667 667 646
772 772 774 766 766 758 771 764 764 766 766 774 784 783 786 786 785 785 789 789 787 787 789 789 780 750 750 724 724 706 706 690 690 678 678 671 663 663 680 680 680 673 661 661 683 683 696 696 703 703 706 706 698 706 706 706 706 712 708 702 702 696 696 698 694 694 689 689 683 683 688 688 689 689 670 670 690 678 678 662
770 770 774 773 773 791 789 789 784 784 784 784 784 783 799 794 794 802 802 811 799 799 789 789 776 776 748 748 730 730 714 702 702 695 695 691 691 687 687 680 699 687 667 667 706 706 694 694 703 703 698 698 690 697 697 701 701 691 686 687 687 704 704 700 694 694 694 706 706 703 703 693 684 684 670 670 690 673 659 659
787 787 793 793 791 791 789 810 797 794 794 796 796 796 799 794 810 818 818 819 802 802 802 796 796 782 764 764 744 744 714 714 713 713 705 705 710 706 706 699 699 687 672 666 666 675 675 680 697 691 693 693 691 691 693 693 691 691 686 677 677 679 679 689 689 695 695 706 706 672 672 670 668 668 668 657 657 653 651 651
793 799 799 816 815 815 810 810 797 815 812 812 815 815 816 823 823 816 816 811 811 803 803 796 796 778 767 767 736 736 736 712 713 713 695 695 690 695 695 695 691 705 686 667 667 671 671 680 680 691 691 694 694 690 690 690 686 686 676 676 677 674 670 670 672 675 675 677 667 664 664 659 659 663 663 657 657 653 651 651
793 799 803 806 806 822 822 825 829 836 839 839 829 829 821 821 823 818 820 820 814 803 803 794 794 778 778 756 756 734 734 715 701 694 707 707 710 710 703 703 705 705 686 668 668 673 673 673 683 693 693 694 694 691 687 687 687 680 680 675 675 675 669 669 669 669 670 670 667 667 666 666 663 663 663 659 659 653 653 651
797 796 796 804 804 820 820 829 829 836 826 826 826 821 821 822 818 818 820 815 806 806 801 801 784 784 777 757 757 748 748 722 722 694 694 703 703 702 684 684 704 704 688 688 668 668 675 675 684 693 693 693 692 689 689 685 685 680 680 678 675 675 695 695 687 687 680 680 669 669 666 666 697 682 682 682 675 675 683 668
789 789 796 808 824 832 832 835 835 837 837 826 822 827 827 826 822 822 820 820 820 819 812 812 795 795 777 757 768 768 759 759 729 690 690 703 703 668 668 660 660 666 666 668 665 665 675 675 683 683 691 691 692 692 690 687 687 686 686 689 689 690 690 695 694 687 683 683 674 674 686 693 699 699 698 698 693 693 683 668
796 796 808 808 824 833 850 850 847 847 826 838 838 827 827 825 825 822 822 820 844 850 842 842 808 808 787 787 768 768 736 736 717 690 690 676 669 656 656 653 653 650 650 661 665 665 673 673 673 680 688 688 688 688 690 687 694 694 695 695 697 696 696 690 690 697 697 685 685 693 693 693 693 711 701 701 701 701 697 697
800 800 800 814 810 825 851 851 855 855 834 834 838 847 833 833 831 829 829 844 844 850 857 852 852 810 810 780 753 753 729 729 710 710 688 688 669 669 649 648 648 651 651 656 656 668 668 673 667 674 682 682 687 687 691 697 697 697 696 696 693 691 691 690 690 687 687 691 691 695 695 701 701 711 701 703 703 698 698 695
785 799 799 810 810 825 855 855 854 854 849 849 847 847 833 840 838 839 839 839 848 852 853 848 848 812 812 781 781 753 753 730 730 701 687 687 666 666 649 649 645 645 649 649 655 663 663 664 664 667 667 680 680 688 688 697 697 701 701 701 700 700 694 694 691 691 687 706 706 694 694 708 708 712 714 707 707 710 710 697
797 807 807 817 817 828 828 855 862 862 862 867 857 857 838 838 850 850 847 847 852 852 853 851 851 815 815 779 779 751 751 730 730 700 680 680 664 664 664 656 646 646 649 649 654 662 662 662 664 662 670 679 679 685 685 698 701 701 701 708 708 718 707 707 703 703 728 728 724 724 705 705 721 721 714 707 724 716 716 701
797 810 814 814 827 827 847 866 866 878 878 884 884 846 846 838 848 857 848 848 852 852 848 848 851 825 802 802 773 749 749 730 721 702 702 679 679 669 669 656 646 657 659 659 659 659 662 662 662 662 670 676 676 680 680 693 693 692 688 703 703 719 719 719 730 730 728 728 724 724 724 724 726 726 720 724 724 724 720 720
825 828 825 825 831 831 851 866 866 869 879 879 875 842 842 848 848 857 845 845 845 848 848 837 827 827 793 793 776 776 745 745 721 721 699 680 680 672 672 663 663 657 657 659 659 663 663 663 668 668 673 673 677 677 679 679 685 688 688 703 694 705 705 715 715 728 728 733 724 724 722 722 721 721 713 713 708 703 705 705
825 838 829 829 836 836 847 847 869 869 879 857 846 843 843 863 863 843 843 841 841 852 852 847 827 827 800 800 800 773 746 746 720 720 699 680 684 684 673 673 661 660 659 658 658 661 664 664 664 669 669 673 681 681 683 683 682 687 687 687 694 694 696 702 702 707 707 709 709 722 722 719 719 716 716 710 703 703 705 707
821 838 838 818 818 847 847 856 863 863 873 873 849 849 846 846 842 842 843 841 841 835 835 833 833 823 823 800 785 765 758 758 724 724 699 706 691 691 675 675 665 659 659 658 660 660 660 664 664 666 666 673 681 681 683 683 686 686 685 685 686 687 692 695 695 701 701 713 713 722 722 730 730 726 726 720 717 717 717 707
815 815 832 831 831 857 857 872 872 870 870 873 881 875 868 868 856 856 846 846 841 855 837 837 823 802 802 782 782 760 760 754 754 725 725 706 691 697 679 679 670 670 662 662 660 660 660 663 663 663 663 670 670 679 679 684 684 685 690 690 687 687 692 691 696 696 705 705 716 733 733 730 730 739 739 738 738 730 730 718
814 814 832 831 840 849 849 869 869 884 884 881 881 875 885 885 885 885 885 874 879 879 857 857 841 811 811 811 782 795 759 739 739 717 717 709 697 697 697 686 686 677 668 668 665 668 666 666 666 666 668 668 673 679 679 687 687 687 687 689 689 690 690 691 696 700 709 709 719 719 729 729 724 724 732 732 738 740 740 741
809 809 823 823 840 840 843 843 858 863 863 871 862 884 884 887 887 890 890 892 879 879 865 865 862 862 843 843 795 795 759 735 735 719 719 708 708 700 710 695 695 682 671 671 668 668 666 666 675 675 678 678 679 684 684 687 687 691 691 691 691 690 690 692 703 703 712 712 716 716 721 721 724 724 725 725 729 734 734 734
809 812 812 821 831 826 835 835 850 850 857 857 862 862 872 877 877 894 894 886 886 877 877 865 863 861 847 847 811 811 780 780 735 735 737 737 721 710 710 695 718 695 695 676 676 672 672 673 675 675 696 696 695 695 694 694 716 716 701 693 693 692 692 698 698 703 705 712 712 716 721 721 719 719 725 725 721 721 723 723
