Week 7/1_MaxEnt/input/MAP_ready.asc
ncols        950
nrows        550
xllcorner    -14.000000000000
yllcorner    49.000000000000
cellsize     0.020000000000
NODATA_value  -9999
[rows 245 to 279 of 550, columns 560 to 639 of 950]
901 901 919 919 919 928 1060 1060 1060 1028 1028 984 977 977 977 959 941 950 919 919 919 883 883 849 849 820 820 785 785 773 773 814 814 812 812 775 775 765 765 776 776 774 774 749 749 726 726 726 701 686 680 666 666 666 667 672 672 674 674 674 673 659 659 653 653 653 -9999 -9999 -9999 -9999 -9999 -9999 -9999 -9999 -9999 -9999 -9999 -9999 -9999 -9999
945 901 906 895 895 926 926 1034 1001 1004 1004 969 969 945 945 941 941 950 917 913 913 891 891 862 862 820 820 807 807 807 759 768 768 778 737 737 744 745 745 745 776 776 774 731 731 731 720 720 702 680 680 680 666 665 662 662 673 673 677 668 662 662 659 659 655 655 -9999 -9999 -9999 -9999 -9999 -9999 -9999 -9999 -9999 -9999 -9999 -9999 -9999 -9999
892 874 874 906 906 906 950 1001 1001 1004 954 954 947 922 922 922 921 921 917 913 940 940 914 914 885 855 852 852 828 828 782 782 743 743 737 737 733 733 758 758 759 759 744 744 731 709 709 709 693 693 675 680 673 673 669 669 668 668 668 668 668 662 667 667 660 660 660 -9999 -9999 -9999 -9999 -9999 -9999 -9999 -9999 -9999 -9999 -9999 -9999 -9999
875 874 874 878 895 895 957 957 961 961 954 954 922 922 906 906 905 905 926 916 911 911 900 900 869 869 852 852 801 801 781 781 734 734 728 728 728 733 767 767 747 747 747 719 711 711 703 703 703 693 680 680 680 673 673 667 666 666 666 663 663 671 667 667 671 666 666 -9999 -9999 -9999 -9999 -9999 -9999 -9999 -9999 -9999 -9999 -9999 -9999 -9999
874 874 878 878 895 868 868 888 910 910 922 886 886 890 907 907 892 892 892 916 911 888 888 880 880 857 835 835 835 801 751 733 732 732 732 790 790 783 783 738 738 742 742 719 719 711 694 700 700 694 694 688 688 673 673 667 681 667 667 660 660 663 663 658 658 657 657 -9999 -9999 -9999 -9999 -9999 -9999 -9999 -9999 -9999 -9999 -9999 -9999 -9999
865 866 868 868 848 866 866 875 892 892 892 886 886 892 892 887 887 877 877 904 904 888 888 822 822 825 825 830 830 787 787 754 754 727 727 766 766 783 783 714 714 722 722 709 709 694 694 700 667 667 666 665 665 683 683 656 680 667 667 660 660 660 652 658 658 648 644 644 649 -9999 -9999 -9999 -9999 -9999 -9999 -9999 -9999 -9999 -9999 -9999
850 844 844 848 848 866 869 901 901 911 911 915 915 892 892 857 857 867 867 867 858 825 860 822 822 822 806 785 785 787 787 829 806 745 745 745 712 712 689 714 714 691 695 695 688 671 671 693 669 669 675 675 658 658 656 656 680 639 651 651 650 650 646 646 648 648 644 646 652 652 -9999 -9999 -9999 -9999 -9999 -9999 -9999 -9999 -9999 -9999
834 834 827 846 846 846 869 869 949 951 951 951 950 950 887 899 899 899 895 895 866 866 860 860 872 872 867 867 860 860 829 829 806 826 767 767 731 731 726 726 706 706 679 679 673 673 693 693 669 740 699 699 672 672 646 646 639 639 651 651 667 667 667 652 649 649 652 652 652 654 -9999 -9999 -9999 -9999 -9999 -9999 -9999 -9999 -9999 -9999
834 836 864 864 892 892 924 985 997 997 973 973 920 920 887 887 976 976 990 990 965 965 894 894 872 872 892 918 901 901 863 863 872 809 763 763 767 767 767 730 706 706 697 697 697 725 737 737 737 740 740 679 674 674 674 694 694 659 649 649 649 689 689 658 649 649 649 652 650 653 653 -9999 -9999 -9999 -9999 -9999 -9999 -9999 -9999 -9999
861 861 861 891 938 938 985 985 985 1164 1070 1070 979 979 979 942 976 976 976 1052 1052 953 879 879 879 915 915 929 934 934 934 872 872 809 822 832 832 803 803 769 769 753 753 697 751 737 737 719 719 706 693 699 699 718 718 716 716 683 683 649 647 672 672 655 655 648 648 650 650 653 656 -9999 -9999 -9999 -9999 -9999 -9999 -9999 -9999 -9999
834 861 889 915 915 1012 1012 1108 1108 1164 1164 1114 1114 1002 1002 997 997 1120 1120 1061 1061 941 941 972 972 915 915 962 962 944 944 883 883 822 822 832 903 847 847 847 821 794 794 770 770 770 716 712 712 693 693 693 756 719 719 701 701 701 665 647 647 647 652 652 648 655 655 655 663 675 666 -9999 -9999 -9999 -9999 -9999 -9999 -9999 -9999 -9999
869 889 889 915 945 1061 1061 1106 1106 1106 1209 1097 1097 975 975 975 1084 1120 1120 1061 1076 1076 972 1047 1047 1047 950 950 962 975 975 975 931 931 885 904 904 904 859 859 815 813 813 813 770 755 721 721 774 774 739 739 756 756 730 730 701 701 667 667 642 641 647 647 651 651 673 673 675 675 666 666 -9999 -9999 -9999 -9999 -9999 -9999 -9999 -9999
863 863 902 906 969 1097 1097 1097 1172 1172 1209 1209 1100 1100 1019 1019 1047 1047 1123 1123 1076 1076 1009 1009 1085 1085 972 972 1053 1053 1023 1023 952 952 949 949 904 917 877 877 822 822 791 791 755 755 721 768 768 768 754 754 754 753 734 734 691 691 691 663 641 641 647 653 653 653 689 689 692 692 692 666 -9999 -9999 -9999 -9999 -9999 -9999 -9999 -9999
898 898 906 906 969 958 1083 1083 1175 1175 1217 1217 1100 1100 1082 1082 1082 1010 1126 1126 1107 1103 1103 1104 1136 1136 1014 1014 1014 1053 1063 1063 1010 1010 1010 933 917 917 917 902 902 884 807 807 807 765 831 788 743 743 743 710 710 753 734 721 721 691 691 667 639 639 639 653 653 664 664 691 691 696 696 674 683 -9999 -9999 -9999 -9999 -9999 -9999 -9999
887 887 887 928 928 958 1083 1006 1006 1173 1173 1228 1205 1201 1201 1123 1123 1032 1086 1086 1086 1103 1103 1165 1165 1153 1153 1047 1047 1103 1103 1063 1087 1031 1031 1004 1004 968 980 974 974 910 910 855 855 831 831 788 789 748 748 723 723 723 723 721 721 691 688 671 671 648 648 655 663 681 681 691 691 691 691 683 683 -9999 -9999 -9999 -9999 -9999 -9999 -9999
926 920 920 944 944 954 953 993 993 1083 1083 1252 1252 1201 1201 1117 1117 1053 1053 1173 1173 1127 1127 1165 1165 1188 1188 1148 1148 1124 1124 1080 1080 1029 1029 1029 1041 980 980 974 981 981 925 885 885 845 845 845 789 748 759 761 761 761 730 709 702 702 671 671 668 658 658 658 663 663 688 698 698 698 694 694 688 -9999 -9999 -9999 -9999 -9999 -9999 -9999
942 952 952 914 914 914 953 993 966 1075 1075 1075 1247 1187 1187 1187 1117 1148 1115 1127 1127 1127 1177 1177 1231 1116 1116 1116 1106 1106 1126 1080 1080 1033 981 981 1013 932 932 932 981 981 929 929 841 841 855 855 801 825 792 792 751 751 716 716 702 702 671 673 659 659 659 659 668 668 688 688 698 701 703 703 690 690 -9999 -9999 -9999 -9999 -9999 -9999
942 950 997 997 911 911 937 937 966 966 1112 1112 1279 1279 1179 1179 1247 1247 1217 1217 1120 1120 1237 1237 1231 1231 1119 1119 1029 1029 1075 1075 1033 1033 981 946 914 914 862 862 962 881 855 855 812 812 827 827 827 825 792 788 767 767 767 769 712 712 673 673 673 656 674 674 684 684 684 705 699 699 697 697 697 687 -9999 -9999 -9999 -9999 -9999 -9999
950 950 997 979 923 923 923 953 956 962 1095 1095 1095 1309 1269 1269 1247 1247 1314 1261 1191 1191 1309 1309 1309 1225 1119 1119 1150 1083 1083 1015 1000 1000 1031 1027 1027 951 890 890 890 881 881 831 786 786 786 766 766 810 788 788 788 756 756 720 683 683 683 662 672 678 678 671 671 704 704 705 705 699 703 697 697 688 688 671 671 -9999 -9999 -9999
972 964 987 987 987 918 918 948 948 962 962 1044 1044 1285 1285 1404 1404 1314 1314 1261 1270 1249 1249 1242 1242 1213 1213 1178 1178 1223 1223 1086 1086 1031 1031 1027 1121 985 985 894 894 867 867 831 831 827 827 766 766 773 773 760 718 712 712 678 678 673 673 672 672 678 686 678 678 699 699 707 707 703 703 697 701 696 696 679 679 -9999 -9999 655
979 1003 1003 987 991 938 938 949 949 969 969 1044 1044 1174 1174 1357 1357 1341 1341 1375 1301 1222 1222 1230 1230 1230 1180 1178 1178 1185 1185 1185 1159 1145 1145 1121 1121 1121 1050 1006 1006 928 928 928 864 815 815 755 755 755 745 718 718 718 705 705 697 703 703 703 699 699 686 678 691 691 688 688 693 697 697 685 688 688 692 675 675 675 655 655
987 987 1002 991 991 991 966 966 963 978 978 978 1006 1006 1077 1266 1266 1266 1375 1375 1301 1253 1253 1253 1181 1181 1144 1144 1096 1096 1185 1073 1072 1072 1128 1128 1114 1079 1027 1027 984 984 914 914 864 864 826 826 768 768 729 729 719 719 705 705 699 699 728 728 702 702 691 680 672 672 686 686 680 680 685 685 688 675 669 669 660 660 655 655
991 991 983 983 972 984 996 996 967 967 978 978 1006 1006 1047 1047 1220 1220 1377 1377 1337 1337 1253 1264 1187 1187 1162 1162 1086 1086 1040 1040 996 996 1048 1048 1079 1079 1079 1001 989 989 912 912 912 863 826 826 796 796 796 764 728 728 699 712 712 712 712 712 691 691 691 680 672 674 681 681 681 680 675 675 675 675 675 651 651 651 653 653
1038 1038 1038 1004 984 984 996 999 999 971 975 975 975 1001 1001 1047 1163 1163 1163 1307 1307 1316 1269 1269 1269 1305 1305 1260 1124 1124 1124 1040 1122 986 942 942 942 1005 1005 1001 989 1003 1003 931 931 881 828 810 810 782 782 757 757 728 728 712 712 719 719 696 696 682 682 671 671 674 674 670 670 671 671 667 667 660 653 647 647 648 648 -9999
1137 1081 1081 1058 1058 1012 1012 999 999 999 999 985 985 994 994 1014 1014 1090 1090 1257 1257 1292 1292 1269 1326 1274 1274 1246 1246 1182 1182 1122 1122 986 1049 951 951 930 930 958 910 944 944 885 885 847 847 810 810 782 782 758 758 740 740 739 739 719 719 695 695 680 680 675 675 674 671 659 659 658 658 659 659 653 653 647 646 646 646 650
1137 1058 1058 1058 1087 1061 1061 1021 1062 1062 1034 1016 1016 1003 1003 1003 1014 1049 1049 1167 1167 1167 1307 1326 1326 1274 1206 1206 1152 1130 1130 1099 1099 1034 1015 1004 1004 1004 921 921 910 944 890 890 859 859 817 796 796 796 782 743 736 738 738 738 739 739 703 689 689 689 678 678 681 671 671 671 658 658 658 652 652 652 647 647 646 646 -9999 -9999
1171 1171 1093 1093 1136 1136 1110 1110 1062 1062 1054 1054 1050 1050 1021 1021 1016 1016 1049 1033 1123 1123 1274 1274 1271 1180 1203 1203 1157 1157 1093 1093 1034 1034 1015 1019 978 978 929 929 882 882 890 890 839 839 804 804 768 768 740 740 725 725 714 714 709 709 703 703 679 679 674 674 676 676 663 663 658 658 651 651 646 646 643 643 645 648 651 651
1171 1171 1100 1100 1142 1142 1144 1144 1107 1107 1054 1054 1082 1082 1037 1037 1019 1019 1012 1012 1047 1047 1047 1168 1180 1180 1203 1143 1143 1157 1120 1120 1074 1074 1074 1019 978 1004 941 941 941 880 847 842 828 828 828 803 774 774 740 740 743 722 702 702 694 694 694 687 679 679 667 667 667 664 660 660 657 650 650 646 646 646 644 644 644 648 651 667
1183 1183 1183 1100 1187 1148 1174 1174 1174 1142 1142 1159 1108 1108 1108 1065 1065 1038 1012 1012 1029 1017 1017 1056 1091 1091 1091 1143 1143 1152 1148 1148 1148 1101 1101 1075 1049 993 993 950 950 903 903 842 842 813 813 791 791 773 773 743 743 722 722 710 710 686 686 678 678 670 670 664 664 662 662 658 658 650 650 646 646 646 646 649 649 656 656 667
1252 1245 1245 1256 1256 1184 1184 1206 1206 1157 1157 1159 1159 1135 1135 1118 1118 1070 1070 1029 1029 1017 1025 1019 1019 1043 1043 1088 1166 1179 1179 1139 1139 1095 1095 1049 1049 993 1028 979 979 919 919 872 872 813 813 793 793 777 777 757 757 733 733 712 712 691 691 675 675 670 670 662 662 659 659 652 652 649 649 646 646 651 651 661 661 669 669 681
1393 1319 1319 1256 1256 1300 1216 1214 1214 1214 1189 1189 1188 1135 1135 1187 1152 1152 1104 1044 1044 1079 1048 1048 1087 1100 1100 1100 1166 1166 1197 1144 1144 1144 1095 1095 1050 1028 1028 1028 1034 1034 942 897 897 897 892 892 806 786 786 786 762 762 733 712 714 714 692 692 673 663 663 663 662 662 654 651 651 651 649 649 659 661 661 661 671 671 678 684
1399 1399 1351 1351 1300 1300 1216 1216 1184 1184 1190 1190 1212 1212 1177 1177 1181 1181 1135 1135 1079 1079 1048 1108 1207 1207 1227 1227 1197 1197 1197 1197 1187 1187 1124 1124 1076 1076 1099 1130 1109 1109 1023 1023 957 957 892 892 848 848 786 786 779 779 753 753 714 714 693 693 677 677 668 668 662 662 648 648 652 652 655 655 659 659 668 668 672 672 676 676
1275 1353 1347 1347 1282 1282 1278 1236 1171 1171 1170 1170 1170 1174 1177 1177 1179 1179 1179 1175 1139 1139 1108 1108 1108 1279 1304 1304 1268 1268 1268 1229 1256 1256 1180 1180 1180 1097 1130 1130 1109 1114 1114 1057 1004 1004 942 942 942 848 818 818 776 776 776 769 721 717 693 693 693 680 669 669 662 662 662 659 659 659 662 662 662 664 668 668 672 674 674 680
1259 1256 1256 1298 1298 1278 1278 1236 1268 1188 1188 1212 1212 1203 1203 1182 1182 1179 1203 1194 1194 1170 1170 1186 1286 1300 1300 1268 1268 1232 1232 1229 1229 1286 1286 1229 1229 1118 1118 1057 1057 1114 1114 1019 1019 964 964 958 958 908 908 849 849 769 769 750 750 717 717 691 691 679 679 667 667 666 666 659 659 667 667 665 665 670 670 673 673 693 693 734
1259 1230 1230 1239 1239 1250 1250 1268 1268 1188 1188 1284 1284 1296 1296 1273 1273 1247 1247 1238 1238 1230 1230 1286 1286 1300 1293 1237 1237 1201 1201 1201 1201 1286 1286 1209 1209 1209 1170 1019 1019 1064 976 976 1010 932 932 890 890 890 908 815 815 765 765 765 734 711 711 691 691 688 675 663 663 660 660 667 668 667 667 672 672 672 672 673 673 693 749 808
